#F 2020Nov19_Fe3O4
#E 1605750153
#D Thu Nov 19 09:42:33 2020
#C fourc  User = specadm
#O0   2Theta     Theta       Chi       Phi      MYaw     JackB    MPitch    Energy
#O1    Pitch    Detune       Yaw    SlitH1    SlitH2    SlitV1    SlitV2   Align-X
#O2  Align-Z   x-Motor   y-Motor   z-Motor     Jack1    Trans1     Jack2    Trans2
#O3     Roll  
#C Thu Nov 19 09:47:09 2020.  do tth.bat.


#S 1  ascan  chi -92 -88  40 0.5
#D Thu Nov 19 10:08:23 2020
#T 0.5  (Seconds)
#G0 0 0 1 0 0 1 0 0 0 0 0 0 50 0 0.1 0 68 68 50 -1 1 1 3.13542 3.13542 0
#G1 3.9053 3.9053 3.9053 90 90 90 1.60888672 1.60888672 1.60888672 90 90 90 -1 0 3 0 1 3 77.07536 20.4394613 -89.2706 0 0 0 77.1031 19.8498013 -89.1542 90 0 0 1.539 1.539
#G3 -0.04076421731 1.608355275 0.006932965828 1.608344443 0.04072392342 0.009283955022 0.009105402065 0.007165855794 -1.608844996
#G4 -0.01167022858 -0.008331163669 1.864100245 1.539 21.18472811 21.91485171 0 -34.07127007 0 0 0 0 88.25 0 0 0 -180 -180 -180 -180 -180 -180 -180 -180 -180
#Q -0.0116702 -0.00833116 1.8641
#P0 43.1 21.51556 -90 0 0 0 0 0.29582687
#P1 7.5957966 0 0 5.23 1.3200001 3 3 -0.54
#P2 -2.5 3.1e-06 -1e-07 -2.399 0 0 0 0
#P3 0 
#N 10
#L Chi  H  K  L  Epoch  Detector  Flu  Seconds  IC0  IC1
-92 -0.0100154 -0.0733627 1.86268 1553 0 0 0.5 435060 0
-91.9 -0.0100984 -0.0701126 1.86281 1554 0 0 0.5 434887 0
-91.8 -0.0101814 -0.0668623 1.86293 1554 1 0 0.5 434758 0
-91.7 -0.0102644 -0.0636117 1.86304 1555 0 0 0.5 434740 0
-91.6 -0.0103473 -0.060361 1.86315 1556 0 0 0.5 434726 0
-91.5 -0.0104302 -0.0571101 1.86325 1557 2 0 0.5 434561 0
-91.4 -0.0105131 -0.053859 1.86335 1557 1 0 0.5 434529 0
-91.3 -0.0105959 -0.0506078 1.86344 1558 0 0 0.5 434505 0
-91.2 -0.0106788 -0.0473564 1.86352 1559 3 0 0.5 434436 0
-91.1 -0.0107616 -0.0441048 1.8636 1560 0 0 0.5 434284 0
-91 -0.0108443 -0.0408531 1.86368 1561 2 0 0.5 434256 0
-90.9 -0.010927 -0.0376013 1.86374 1561 3 0 0.5 434227 0
-90.8 -0.0110097 -0.0343494 1.86381 1562 0 0 0.5 434107 0
-90.7 -0.0110924 -0.0310974 1.86386 1563 6 0 0.5 433950 0
-90.6 -0.011175 -0.0278453 1.86391 1564 6 0 0.5 433855 0
-90.5 -0.0112577 -0.0245931 1.86396 1565 34 0 0.5 433669 0
-90.4 -0.0113402 -0.0213408 1.864 1565 170 0 0.5 433582 0
-90.3 -0.0114228 -0.0180885 1.86403 1566 579 0 0.5 433515 0
-90.2 -0.0115053 -0.0148361 1.86406 1567 2260 0 0.5 433426 0
-90.1 -0.0115878 -0.0115836 1.86408 1568 4990 0 0.5 433315 0
-90 -0.0116702 -0.00833116 1.8641 1568 8553 0 0.5 433257 0
-89.9 -0.0117526 -0.00507866 1.86411 1569 10505 0 0.5 433220 0
-89.8 -0.011835 -0.00182615 1.86412 1570 10275 0 0.5 433136 0
-89.7 -0.0119174 0.00142637 1.86412 1571 10387 0 0.5 432866 0
-89.6 -0.0119997 0.00467889 1.86411 1572 10116 0 0.5 432850 0
-89.5 -0.012082 0.00793139 1.8641 1572 9329 0 0.5 432845 0
-89.4 -0.0121643 0.0111839 1.86408 1573 7089 0 0.5 432735 0
-89.3 -0.0122465 0.0144363 1.86406 1574 3910 0 0.5 432696 0
-89.2 -0.0123287 0.0176887 1.86403 1575 756 0 0.5 432693 0
-89.1 -0.0124108 0.0209411 1.864 1576 26 0 0.5 432713 0
-89 -0.0124929 0.0241933 1.86396 1576 9 0 0.5 432677 0
-88.9 -0.012575 0.0274456 1.86391 1577 1 0 0.5 432734 0
-88.8 -0.0126571 0.0306977 1.86386 1578 3 0 0.5 432795 0
-88.7 -0.0127391 0.0339497 1.8638 1579 1 0 0.5 432668 0
-88.6 -0.0128211 0.0372016 1.86374 1580 3 0 0.5 432438 0
-88.5 -0.012903 0.0404535 1.86367 1580 1 0 0.5 432364 0
-88.4 -0.0129849 0.0437051 1.8636 1581 0 0 0.5 432334 0
-88.3 -0.0130668 0.0469567 1.86352 1582 1 0 0.5 432539 0
-88.2 -0.0131486 0.0502081 1.86343 1583 0 0 0.5 432459 0
-88.1 -0.0132304 0.0534594 1.86334 1583 0 0 0.5 432364 0
-88 -0.0133122 0.0567105 1.86325 1584 0 0 0.5 432463 0

#S 2  ascan  th 20.5418 22.5418  200 1
#D Thu Nov 19 15:58:59 2020
#T 1  (Seconds)
#G0 0 0 1 0 0 1 0 0 0 0 0 0 50 0 0.1 0 68 68 50 -1 1 1 3.13542 3.13542 0
#G1 3.9053 3.9053 3.9053 90 90 90 1.60888672 1.60888672 1.60888672 90 90 90 -1 0 3 0 1 3 77.07536 20.4394613 -89.2706 0 0 0 77.1031 19.8498013 -89.1542 90 0 0 1.539 1.539
#G3 -0.04076421731 1.608355275 0.006932965828 1.608344443 0.04072392342 0.009283955022 0.009105402065 0.007165855794 -1.608844996
#G4 -0.009638092291 -9.356440689e-05 1.860272505 1.539 21.20649804 21.79986123 0 1.994220091 0 0 0 0 88.25 0 0 0 -180 -180 -180 -180 -180 -180 -180 -180 -180
#Q -0.00963809 -9.35644e-05 1.86027
#P0 43.00636 21.5418 -89.74916 -1.1 0 0 0 0.29582687
#P1 7.5957966 0 0 5.23 1.3200001 3 3 -0.54
#P2 -2.5 3.1e-06 -1e-07 -2.399 0 0 0 0
#P3 0 
#N 10
#L Theta  H  K  L  Epoch  Detector  Flu  Seconds  IC0  IC1
20.5418 -0.0420707 -0.00153826 1.85982 22589 7 0 1 513708 0
20.55182 -0.0417458 -0.00152379 1.85983 22590 4 0 1 513789 0
20.56182 -0.0414215 -0.00150934 1.85984 22592 4 0 1 513765 0
20.5718 -0.0410979 -0.00149493 1.85984 22593 5 0 1 513779 0
20.5818 -0.0407736 -0.00148048 1.85985 22594 6 0 1 513793 0
20.59182 -0.0404486 -0.00146601 1.85986 22595 5 0 1 513633 0
20.6018 -0.040125 -0.00145159 1.85986 22596 3 0 1 513637 0
20.6118 -0.0398007 -0.00143714 1.85987 22597 6 0 1 513601 0
20.62182 -0.0394758 -0.00142267 1.85988 22598 5 0 1 513631 0
20.63182 -0.0391515 -0.00140822 1.85988 22600 3 0 1 513521 0
20.6418 -0.0388278 -0.00139381 1.85989 22601 6 0 1 513524 0
20.6518 -0.0385036 -0.00137936 1.8599 22602 4 0 1 513582 0
20.66182 -0.0381786 -0.00136489 1.85991 22603 6 0 1 513511 0
20.6718 -0.037855 -0.00135047 1.85991 22604 7 0 1 513405 0
20.6818 -0.0375307 -0.00133602 1.85992 22605 7 0 1 513209 0
20.6918 -0.0372064 -0.00132158 1.85992 22606 8 0 1 513514 0
20.70182 -0.0368814 -0.0013071 1.85993 22608 9 0 1 513525 0
20.7118 -0.0365578 -0.00129269 1.85994 22609 14 0 1 513512 0
20.7218 -0.0362335 -0.00127824 1.85994 22610 12 0 1 513462 0
20.73182 -0.0359085 -0.00126376 1.85995 22611 8 0 1 513438 0
20.7418 -0.0355849 -0.00124935 1.85996 22612 9 0 1 513326 0
20.7518 -0.0352606 -0.0012349 1.85996 22613 14 0 1 513413 0
20.7618 -0.0349363 -0.00122045 1.85997 22615 9 0 1 513555 0
20.77182 -0.0346113 -0.00120598 1.85998 22616 9 0 1 513469 0
20.7818 -0.0342877 -0.00119156 1.85998 22617 6 0 1 513220 0
20.7918 -0.0339634 -0.00117712 1.85999 22618 7 0 1 513399 0
20.80182 -0.0336384 -0.00116264 1.85999 22619 14 0 1 513638 0
20.81182 -0.0333141 -0.00114819 1.86 22620 14 0 1 513404 0
20.8218 -0.0329904 -0.00113378 1.86 22621 16 0 1 513178 0
20.8318 -0.0326661 -0.00111933 1.86001 22623 9 0 1 513602 0
20.84182 -0.0323412 -0.00110485 1.86002 22624 10 0 1 513620 0
20.8518 -0.0320175 -0.00109044 1.86002 22625 16 0 1 513609 0
20.8618 -0.0316932 -0.00107599 1.86003 22626 17 0 1 513818 0
20.87182 -0.0313682 -0.00106151 1.86003 22627 12 0 1 513732 0
20.88182 -0.0310439 -0.00104707 1.86004 22628 9 0 1 513734 0
20.8918 -0.0307202 -0.00103265 1.86004 22629 18 0 1 513890 0
20.9018 -0.0303959 -0.0010182 1.86005 22631 23 0 1 513399 0
20.91182 -0.030071 -0.00100373 1.86005 22632 23 0 1 513444 0
20.9218 -0.0297473 -0.000989309 1.86006 22633 19 0 1 513577 0
20.9318 -0.029423 -0.000974862 1.86006 22634 23 0 1 513636 0
20.9418 -0.0290986 -0.000960415 1.86007 22635 20 0 1 513592 0
20.95182 -0.0287737 -0.000945939 1.86007 22636 27 0 1 513529 0
20.9618 -0.02845 -0.000931521 1.86008 22638 20 0 1 513610 0
20.9718 -0.0281257 -0.000917074 1.86008 22639 26 0 1 513522 0
20.98182 -0.0278007 -0.000902599 1.86009 22640 21 0 1 513496 0
20.9918 -0.027477 -0.00088818 1.86009 22641 31 0 1 513515 0
21.0018 -0.0271527 -0.000873733 1.8601 22642 34 0 1 513617 0
21.0118 -0.0268284 -0.000859286 1.8601 22643 27 0 1 513702 0
21.0218 -0.026504 -0.000844839 1.86011 22644 30 0 1 513423 0
21.0318 -0.0261797 -0.000830392 1.86011 22646 40 0 1 513273 0
21.0418 -0.0258554 -0.000815945 1.86012 22647 22 0 1 513602 0
21.05182 -0.0255304 -0.000801469 1.86012 22648 33 0 1 513420 0
21.0618 -0.0252067 -0.00078705 1.86013 22649 36 0 1 513460 0
21.0718 -0.0248824 -0.000772603 1.86013 22650 49 0 1 513505 0
21.0818 -0.0245581 -0.000758156 1.86014 22651 44 0 1 513476 0
21.09182 -0.0242331 -0.00074368 1.86014 22652 46 0 1 513267 0
21.1018 -0.0239094 -0.000729261 1.86014 22654 52 0 1 513132 0
21.1118 -0.023585 -0.000714814 1.86015 22655 80 0 1 513284 0
21.12182 -0.0232601 -0.000700338 1.86015 22656 64 0 1 513074 0
21.1318 -0.0229364 -0.000685919 1.86016 22657 83 0 1 513210 0
21.1418 -0.022612 -0.000671472 1.86016 22658 81 0 1 513277 0
21.1518 -0.0222877 -0.000657025 1.86016 22659 66 0 1 513132 0
21.16182 -0.0219627 -0.000642548 1.86017 22660 109 0 1 513498 0
21.1718 -0.021639 -0.00062813 1.86017 22662 101 0 1 513391 0
21.1818 -0.0213147 -0.000613682 1.86018 22663 129 0 1 513286 0
21.1918 -0.0209903 -0.000599235 1.86018 22664 96 0 1 513446 0
21.2018 -0.020666 -0.000584787 1.86018 22665 124 0 1 513548 0
21.2118 -0.0203417 -0.00057034 1.86019 22666 142 0 1 513648 0
21.2218 -0.0200173 -0.000555892 1.86019 22667 135 0 1 513661 0
21.23182 -0.0196923 -0.000541416 1.86019 22669 165 0 1 513648 0
21.2418 -0.0193686 -0.000526997 1.8602 22670 182 0 1 513805 0
21.2518 -0.0190443 -0.000512549 1.8602 22671 242 0 1 513949 0
21.2618 -0.0187199 -0.000498102 1.8602 22672 226 0 1 513752 0
21.2718 -0.0183956 -0.000483654 1.86021 22673 245 0 1 513788 0
21.2818 -0.0180713 -0.000469207 1.86021 22674 274 0 1 514122 0
21.2918 -0.0177469 -0.000454759 1.86021 22675 349 0 1 514023 0
21.30182 -0.0174219 -0.000440282 1.86022 22677 412 0 1 513909 0
21.3118 -0.0170982 -0.000425864 1.86022 22678 477 0 1 514235 0
21.3218 -0.0167739 -0.000411416 1.86022 22679 495 0 1 514118 0
21.3318 -0.0164495 -0.000396968 1.86022 22680 584 0 1 514100 0
21.34182 -0.0161245 -0.000382492 1.86023 22681 690 0 1 514131 0
21.3518 -0.0158008 -0.000368073 1.86023 22682 785 0 1 514176 0
21.3618 -0.0154765 -0.000353625 1.86023 22683 987 0 1 514258 0
21.37182 -0.0151515 -0.000339148 1.86024 22685 1111 0 1 514083 0
21.3818 -0.0148278 -0.00032473 1.86024 22686 1350 0 1 514101 0
21.3918 -0.0145034 -0.000310282 1.86024 22687 1578 0 1 514060 0
21.4018 -0.0141791 -0.000295834 1.86024 22688 1895 0 1 514105 0
21.41182 -0.0138541 -0.000281357 1.86025 22689 2305 0 1 514057 0
21.4218 -0.0135304 -0.000266938 1.86025 22690 2909 0 1 514015 0
21.4318 -0.013206 -0.000252491 1.86025 22692 3676 0 1 513924 0
21.4418 -0.0128816 -0.000238043 1.86025 22693 4690 0 1 514103 0
21.4518 -0.0125573 -0.000223595 1.86026 22694 6262 0 1 514148 0
21.4618 -0.0122329 -0.000209147 1.86026 22695 7979 0 1 514066 0
21.4718 -0.0119086 -0.000194699 1.86026 22696 10637 0 1 513851 0
21.48182 -0.0115836 -0.000180223 1.86026 22697 15284 0 1 513772 0
21.4918 -0.0112599 -0.000165804 1.86026 22698 22518 0 1 513925 0
21.5018 -0.0109355 -0.000151356 1.86027 22700 33217 0 1 513782 0
21.5118 -0.0106112 -0.000136908 1.86027 22701 44274 0 1 513809 0
21.5218 -0.0102868 -0.00012246 1.86027 22702 59235 0 1 513962 0
21.5318 -0.00996245 -0.000108012 1.86027 22703 76216 0 1 513646 0
21.5418 -0.00963809 -9.35644e-05 1.86027 22704 93547 0 1 513888 0
21.55182 -0.00931309 -7.90876e-05 1.86027 22705 92297 0 1 513896 0
21.5618 -0.00898938 -6.46687e-05 1.86028 22706 70007 0 1 513921 0
21.5718 -0.00866502 -5.02208e-05 1.86028 22708 42283 0 1 513840 0
21.5818 -0.00834066 -3.57729e-05 1.86028 22709 24621 0 1 513651 0
21.59182 -0.00801565 -2.12962e-05 1.86028 22710 15240 0 1 513634 0
21.6018 -0.00769194 -6.87719e-06 1.86028 22711 10409 0 1 513602 0
21.6118 -0.00736759 7.57068e-06 1.86028 22712 7345 0 1 513371 0
21.62182 -0.00704258 2.20474e-05 1.86028 22713 5073 0 1 513323 0
21.6318 -0.00671887 3.64664e-05 1.86029 22715 3838 0 1 513360 0
21.6418 -0.00639451 5.09143e-05 1.86029 22716 2990 0 1 513533 0
21.6518 -0.00607015 6.53622e-05 1.86029 22717 2359 0 1 513549 0
21.66182 -0.00574514 7.98389e-05 1.86029 22718 1854 0 1 513521 0
21.6718 -0.00542143 9.42579e-05 1.86029 22719 1467 0 1 513396 0
21.6818 -0.00509707 0.000108706 1.86029 22720 1269 0 1 513227 0
21.6918 -0.00477271 0.000123154 1.86029 22721 1025 0 1 513227 0
21.7018 -0.00444835 0.000137601 1.86029 22723 904 0 1 513439 0
21.7118 -0.00412399 0.000152049 1.86029 22724 792 0 1 513318 0
21.7218 -0.00379962 0.000166497 1.86029 22725 681 0 1 513219 0
21.73182 -0.00347462 0.000180974 1.86029 22726 586 0 1 513325 0
21.7418 -0.0031509 0.000195393 1.86029 22727 537 0 1 513249 0
21.7518 -0.00282654 0.000209841 1.8603 22728 405 0 1 513332 0
21.7618 -0.00250218 0.000224288 1.8603 22729 390 0 1 513049 0
21.7718 -0.00217782 0.000238736 1.8603 22731 356 0 1 513050 0
21.7818 -0.00185346 0.000253184 1.8603 22732 285 0 1 513185 0
21.7918 -0.0015291 0.000267632 1.8603 22733 257 0 1 513040 0
21.80182 -0.00120409 0.000282109 1.8603 22734 237 0 1 513126 0
21.8118 -0.000880374 0.000296528 1.8603 22735 205 0 1 512949 0
21.8218 -0.000556012 0.000310975 1.8603 22736 203 0 1 513192 0
21.8318 -0.00023165 0.000325423 1.8603 22738 173 0 1 513062 0
21.84182 9.33598e-05 0.0003399 1.8603 22739 166 0 1 513226 0
21.8518 0.000417073 0.000354319 1.8603 22740 143 0 1 513131 0
21.8618 0.000741434 0.000368766 1.8603 22741 114 0 1 513067 0
21.87182 0.00106644 0.000383243 1.8603 22742 102 0 1 513039 0
21.8818 0.00139016 0.000397662 1.8603 22743 91 0 1 513277 0
21.8918 0.00171452 0.000412109 1.8603 22744 91 0 1 513312 0
21.9018 0.00203888 0.000426557 1.8603 22746 90 0 1 513376 0
21.91182 0.00236389 0.000441034 1.8603 22747 75 0 1 513370 0
21.9218 0.0026876 0.000455452 1.8603 22748 69 0 1 513294 0
21.9318 0.00301196 0.0004699 1.86029 22749 64 0 1 513348 0
21.9418 0.00333632 0.000484348 1.86029 22750 54 0 1 513291 0
21.9518 0.00366069 0.000498795 1.86029 22751 55 0 1 513628 0
21.9618 0.00398505 0.000513243 1.86029 22752 54 0 1 513547 0
21.9718 0.00430941 0.000527691 1.86029 22754 52 0 1 513427 0
21.98182 0.00463442 0.000542167 1.86029 22755 46 0 1 513222 0
21.9918 0.00495813 0.000556586 1.86029 22756 47 0 1 513089 0
22.0018 0.00528249 0.000571033 1.86029 22757 44 0 1 513317 0
22.0118 0.00560685 0.000585481 1.86029 22758 35 0 1 513399 0
22.0218 0.00593121 0.000599928 1.86029 22759 28 0 1 513113 0
22.0318 0.00625557 0.000614376 1.86029 22761 32 0 1 513041 0
22.0418 0.00657993 0.000628823 1.86029 22762 28 0 1 512893 0
22.05182 0.00690494 0.000643299 1.86028 22763 26 0 1 512941 0
22.0618 0.00722865 0.000657718 1.86028 22764 27 0 1 512732 0
22.0718 0.00755301 0.000672165 1.86028 22765 20 0 1 512633 0
22.0818 0.00787736 0.000686613 1.86028 22766 24 0 1 512691 0
22.09182 0.00820237 0.000701089 1.86028 22767 21 0 1 512637 0
22.1018 0.00852608 0.000715508 1.86028 22769 18 0 1 512588 0
22.1118 0.00885044 0.000729955 1.86028 22770 27 0 1 512596 0
22.12182 0.00917545 0.000744431 1.86027 22771 22 0 1 512401 0
22.1318 0.00949915 0.000758849 1.86027 22772 18 0 1 512398 0
22.1418 0.00982351 0.000773297 1.86027 22773 14 0 1 512478 0
22.1518 0.0101479 0.000787744 1.86027 22774 15 0 1 512470 0
22.16182 0.0104729 0.00080222 1.86027 22775 11 0 1 512331 0
22.1718 0.0107966 0.000816638 1.86027 22777 15 0 1 512065 0
22.1818 0.0111209 0.000831085 1.86026 22778 9 0 1 512370 0
22.1918 0.0114453 0.000845533 1.86026 22779 14 0 1 511892 0
22.2018 0.0117696 0.00085998 1.86026 22780 12 0 1 512070 0
22.2118 0.012094 0.000874427 1.86026 22781 17 0 1 512147 0
22.2218 0.0124184 0.000888874 1.86026 22782 10 0 1 511903 0
22.23182 0.0127434 0.00090335 1.86025 22784 15 0 1 511823 0
22.2418 0.0130671 0.000917768 1.86025 22785 11 0 1 511428 0
22.2518 0.0133914 0.000932215 1.86025 22786 7 0 1 511610 0
22.2618 0.0137158 0.000946662 1.86025 22787 10 0 1 511630 0
22.2718 0.0140401 0.000961109 1.86024 22788 9 0 1 511296 0
22.2818 0.0143645 0.000975556 1.86024 22789 3 0 1 511218 0
22.2918 0.0146888 0.000990002 1.86024 22790 5 0 1 511319 0
22.30182 0.0150138 0.00100448 1.86024 22792 7 0 1 511299 0
22.3118 0.0153375 0.0010189 1.86023 22793 6 0 1 511227 0
22.3218 0.0156619 0.00103334 1.86023 22794 3 0 1 511121 0
22.3318 0.0159862 0.00104779 1.86023 22795 12 0 1 511108 0
22.34182 0.0163112 0.00106227 1.86023 22796 4 0 1 511061 0
22.3518 0.0166349 0.00107668 1.86022 22797 8 0 1 511076 0
22.3618 0.0169593 0.00109113 1.86022 22798 12 0 1 511072 0
22.37182 0.0172843 0.00110561 1.86022 22800 5 0 1 511144 0
22.3818 0.017608 0.00112002 1.86021 22801 2 0 1 511144 0
22.3918 0.0179323 0.00113447 1.86021 22802 6 0 1 511103 0
22.4018 0.0182567 0.00114892 1.86021 22803 4 0 1 511229 0
22.41182 0.0185817 0.00116339 1.8602 22804 5 0 1 511117 0
22.4218 0.0189054 0.00117781 1.8602 22805 4 0 1 511455 0
22.4318 0.0192297 0.00119226 1.8602 22807 5 0 1 511286 0
22.4418 0.019554 0.0012067 1.86019 22808 4 0 1 511199 0
22.4518 0.0198784 0.00122115 1.86019 22809 3 0 1 511537 0
22.4618 0.0202027 0.00123559 1.86019 22810 5 0 1 511583 0
22.4718 0.0205271 0.00125004 1.86018 22811 4 0 1 511807 0
22.48182 0.0208521 0.00126452 1.86018 22812 2 0 1 511419 0
22.4918 0.0211758 0.00127893 1.86018 22813 7 0 1 511706 0
22.5018 0.0215001 0.00129338 1.86017 22815 4 0 1 511672 0
22.5118 0.0218244 0.00130782 1.86017 22816 3 0 1 511445 0
22.5218 0.0221488 0.00132227 1.86017 22817 7 0 1 511511 0
22.5318 0.0224731 0.00133672 1.86016 22818 1 0 1 511450 0
22.5418 0.0227974 0.00135116 1.86016 22819 3 0 1 511501 0

#S 3  hklmesh  H -1.06 -0.94 40  L 2.6 3.1 40  1
#D Mon Aug 17 18:50:34 2020
#T 1  (Seconds)
#G0 3 0 1 0 0 1 0 0 0 0 0 0 50 0 0.1 0 68 68 50 -1 1 1 3.13542 3.13542 0
#G1 3.9053 3.9053 3.9053 90 90 90 1.60888672 1.60888672 1.60888672 90 90 90 -1 0 3 0 1 3 77.11092 20.81474 -91.16 0 0 0 77.1013 19.21264 -91.58432 90 0 0 1.5405 1.5405
#G3 0.1824465906 1.598261319 0.02811536995 1.598394202 -0.1827438451 0.01603558628 0.01912314131 0.02611358883 -1.608561116
#G4 -1.000000256 -7.172425597e-07 2.599999532 1.5398 12.40246135 54.13138589 -16.18538162 -6.957088018 0 0 0 0 0 0 0 0 -180 -180 -180 -180 -180 -180 -180 -180 -180
#Q -1 -7.17243e-07 2.6
#P0 66.62086 12.986 -91.49088 0 0 0 0 0.29582687
#P1 7.5957966 0 0 5.23 1.3200001 3 3 -0.54
#P2 -2.35 3.1e-06 -1e-07 -0.5925 0 0 0 0
#P3 0 
#N 9
#L H  K  L  Epoch  Detector  Flu  Seconds  IC0  IC1
-1.06 -7.17243e-07 2.6 48 7 0 1 510133 0
-1.057 -7.17243e-07 2.6 49 3 0 1 510769 0
-1.054 -7.17243e-07 2.6 51 5 0 1 510349 0
-1.051 -7.17243e-07 2.6 52 6 0 1 510214 0
-1.048 -7.17243e-07 2.6 53 2 0 1 510618 0
-1.045 -7.17243e-07 2.6 55 3 0 1 510190 0
-1.042 -7.17243e-07 2.6 56 6 0 1 510910 0
-1.039 -7.17243e-07 2.6 57 5 0 1 510411 0
-1.036 -7.17243e-07 2.6 58 3 0 1 510670 0
-1.033 -7.17243e-07 2.6 60 5 0 1 510303 0
-1.03 -7.17243e-07 2.6 61 4 0 1 509867 0
-1.027 -7.17243e-07 2.6 62 3 0 1 510081 0
-1.024 -7.17243e-07 2.6 64 3 0 1 509584 0
-1.021 -7.17243e-07 2.6 65 3 0 1 510158 0
-1.018 -7.17243e-07 2.6 66 3 0 1 508868 0
-1.015 -7.17243e-07 2.6 67 1 0 1 509659 0
-1.012 -7.17243e-07 2.6 69 2 0 1 509584 0
-1.009 -7.17243e-07 2.6 70 3 0 1 509318 0
-1.006 -7.17243e-07 2.6 71 3 0 1 509707 0
-1.003 -7.17243e-07 2.6 73 3 0 1 509349 0
-1 -7.17243e-07 2.6 74 5 0 1 510176 0
-0.997 -7.17243e-07 2.6 75 4 0 1 509241 0
-0.994 -7.17243e-07 2.6 77 0 0 1 509844 0
-0.991 -7.17243e-07 2.6 78 3 0 1 509336 0
-0.988 -7.17243e-07 2.6 79 5 0 1 509989 0
-0.985 -7.17243e-07 2.6 80 5 0 1 509707 0
-0.982 -7.17243e-07 2.6 82 1 0 1 509316 0
-0.979 -7.17243e-07 2.6 83 2 0 1 510052 0
-0.976 -7.17243e-07 2.6 84 2 0 1 509336 0
-0.973 -7.17243e-07 2.6 86 1 0 1 510142 0
-0.97 -7.17243e-07 2.6 87 5 0 1 509787 0
-0.967 -7.17243e-07 2.6 88 4 0 1 510655 0
-0.964 -7.17243e-07 2.6 89 3 0 1 510324 0
-0.961 -7.17243e-07 2.6 91 6 0 1 510279 0
-0.958 -7.17243e-07 2.6 92 2 0 1 510656 0
-0.955 -7.17243e-07 2.6 93 7 0 1 510160 0
-0.952 -7.17243e-07 2.6 95 1 0 1 510994 0
-0.949 -7.17243e-07 2.6 96 4 0 1 509763 0
-0.946 -7.17243e-07 2.6 97 4 0 1 510666 0
-0.943 -7.17243e-07 2.6 98 2 0 1 510493 0
-0.94 -7.17243e-07 2.6 100 2 0 1 510525 0
-1.06 -7.17243e-07 2.6125 105 5 0 1 510287 0
-1.057 -7.17243e-07 2.6125 106 1 0 1 511088 0
-1.054 -7.17243e-07 2.6125 107 3 0 1 510781 0
-1.051 -7.17243e-07 2.6125 108 2 0 1 510294 0
-1.048 -7.17243e-07 2.6125 110 7 0 1 510664 0
-1.045 -7.17243e-07 2.6125 111 4 0 1 510239 0
-1.042 -7.17243e-07 2.6125 112 4 0 1 511744 0
-1.039 -7.17243e-07 2.6125 114 1 0 1 510728 0
-1.036 -7.17243e-07 2.6125 115 3 0 1 511239 0
-1.033 -7.17243e-07 2.6125 116 5 0 1 511274 0
-1.03 -7.17243e-07 2.6125 118 2 0 1 511393 0
-1.027 -7.17243e-07 2.6125 119 6 0 1 511436 0
-1.024 -7.17243e-07 2.6125 120 2 0 1 510946 0
-1.021 -7.17243e-07 2.6125 121 4 0 1 512165 0
-1.018 -7.17243e-07 2.6125 123 3 0 1 511367 0
-1.015 -7.17243e-07 2.6125 124 5 0 1 512097 0
-1.012 -7.17243e-07 2.6125 125 3 0 1 511975 0
-1.009 -7.17243e-07 2.6125 127 5 0 1 512589 0
-1.006 -7.17243e-07 2.6125 128 2 0 1 513202 0
-1.003 -7.17243e-07 2.6125 129 4 0 1 512789 0
-1 -7.17243e-07 2.6125 130 4 0 1 514125 0
-0.997 -7.17243e-07 2.6125 132 2 0 1 513450 0
-0.994 -7.17243e-07 2.6125 133 5 0 1 514378 0
-0.991 -7.17243e-07 2.6125 134 2 0 1 513518 0
-0.988 -7.17243e-07 2.6125 136 6 0 1 514587 0
-0.985 -7.17243e-07 2.6125 137 2 0 1 514388 0
-0.982 -7.17243e-07 2.6125 138 1 0 1 513947 0
-0.979 -7.17243e-07 2.6125 139 3 0 1 514445 0
-0.976 -7.17243e-07 2.6125 141 2 0 1 514265 0
-0.973 -7.17243e-07 2.6125 142 1 0 1 515608 0
-0.97 -7.17243e-07 2.6125 143 3 0 1 514477 0
-0.967 -7.17243e-07 2.6125 145 3 0 1 515108 0
-0.964 -7.17243e-07 2.6125 146 4 0 1 514952 0
-0.961 -7.17243e-07 2.6125 147 6 0 1 515008 0
-0.958 -7.17243e-07 2.6125 149 6 0 1 515410 0
-0.955 -7.17243e-07 2.6125 150 5 0 1 514865 0
-0.952 -7.17243e-07 2.6125 151 1 0 1 516023 0
-0.949 -7.17243e-07 2.6125 152 8 0 1 515252 0
-0.946 -7.17243e-07 2.6125 154 5 0 1 516106 0
-0.943 -7.17243e-07 2.6125 155 4 0 1 515640 0
-0.94 -7.17243e-07 2.6125 156 2 0 1 516069 0
-1.06 -7.17243e-07 2.625 161 5 0 1 515979 0
-1.057 -7.17243e-07 2.625 162 4 0 1 516322 0
-1.054 -7.17243e-07 2.625 164 1 0 1 516535 0
-1.051 -7.17243e-07 2.625 165 3 0 1 516536 0
-1.048 -7.17243e-07 2.625 166 2 0 1 517045 0
-1.045 -7.17243e-07 2.625 167 3 0 1 516445 0
-1.042 -7.17243e-07 2.625 169 5 0 1 517232 0
-1.039 -7.17243e-07 2.625 170 0 0 1 516575 0
-1.036 -7.17243e-07 2.625 171 0 0 1 517136 0
-1.033 -7.17243e-07 2.625 173 2 0 1 516614 0
-1.03 -7.17243e-07 2.625 174 1 0 1 517267 0
-1.027 -7.17243e-07 2.625 175 4 0 1 517393 0
-1.024 -7.17243e-07 2.625 176 3 0 1 516421 0
-1.021 -7.17243e-07 2.625 178 5 0 1 517090 0
-1.018 -7.17243e-07 2.625 179 1 0 1 516646 0
-1.015 -7.17243e-07 2.625 180 2 0 1 517481 0
-1.012 -7.17243e-07 2.625 182 5 0 1 516632 0
-1.009 -7.17243e-07 2.625 183 1 0 1 517073 0
-1.006 -7.17243e-07 2.625 184 5 0 1 517394 0
-1.003 -7.17243e-07 2.625 185 6 0 1 516808 0
-1 -7.17243e-07 2.625 187 4 0 1 517341 0
-0.997 -7.17243e-07 2.625 188 3 0 1 516758 0
-0.994 -7.17243e-07 2.625 189 2 0 1 517841 0
-0.991 -7.17243e-07 2.625 191 3 0 1 516721 0
-0.988 -7.17243e-07 2.625 192 3 0 1 517356 0
-0.985 -7.17243e-07 2.625 193 0 0 1 517040 0
-0.982 -7.17243e-07 2.625 195 7 0 1 517154 0
-0.979 -7.17243e-07 2.625 196 2 0 1 517296 0
-0.976 -7.17243e-07 2.625 197 2 0 1 516891 0
-0.973 -7.17243e-07 2.625 198 3 0 1 518105 0
-0.97 -7.17243e-07 2.625 200 3 0 1 517022 0
-0.967 -7.17243e-07 2.625 201 0 0 1 517652 0
-0.964 -7.17243e-07 2.625 202 4 0 1 517243 0
-0.961 -7.17243e-07 2.625 204 5 0 1 517975 0
-0.958 -7.17243e-07 2.625 205 5 0 1 517196 0
-0.955 -7.17243e-07 2.625 206 5 0 1 517402 0
-0.952 -7.17243e-07 2.625 207 3 0 1 518019 0
-0.949 -7.17243e-07 2.625 209 4 0 1 517367 0
-0.946 -7.17243e-07 2.625 210 2 0 1 518133 0
-0.943 -7.17243e-07 2.625 211 3 0 1 517466 0
-0.94 -7.17243e-07 2.625 213 8 0 1 518904 0
-1.06 -7.17243e-07 2.6375 217 3 0 1 518184 0
-1.057 -7.17243e-07 2.6375 219 5 0 1 518747 0
-1.054 -7.17243e-07 2.6375 220 3 0 1 518115 0
-1.051 -7.17243e-07 2.6375 221 1 0 1 519039 0
-1.048 -7.17243e-07 2.6375 223 5 0 1 518219 0
-1.045 -7.17243e-07 2.6375 224 5 0 1 518430 0
-1.042 -7.17243e-07 2.6375 225 5 0 1 518809 0
-1.039 -7.17243e-07 2.6375 226 0 0 1 518337 0
-1.036 -7.17243e-07 2.6375 228 2 0 1 518736 0
-1.033 -7.17243e-07 2.6375 229 6 0 1 517679 0
-1.03 -7.17243e-07 2.6375 230 3 0 1 518829 0
-1.027 -7.17243e-07 2.6375 232 5 0 1 517664 0
-1.024 -7.17243e-07 2.6375 233 7 0 1 518370 0
-1.021 -7.17243e-07 2.6375 234 6 0 1 518096 0
-1.018 -7.17243e-07 2.6375 235 7 0 1 518249 0
-1.015 -7.17243e-07 2.6375 237 3 0 1 518367 0
-1.012 -7.17243e-07 2.6375 238 2 0 1 517456 0
-1.009 -7.17243e-07 2.6375 239 1 0 1 518514 0
-1.006 -7.17243e-07 2.6375 241 4 0 1 517819 0
-1.003 -7.17243e-07 2.6375 242 7 0 1 518346 0
-1 -7.17243e-07 2.6375 243 6 0 1 517535 0
-0.997 -7.17243e-07 2.6375 244 4 0 1 518494 0
-0.994 -7.17243e-07 2.6375 246 2 0 1 517916 0
-0.991 -7.17243e-07 2.6375 247 5 0 1 517990 0
-0.988 -7.17243e-07 2.6375 248 5 0 1 518244 0
-0.985 -7.17243e-07 2.6375 250 4 0 1 517756 0
-0.982 -7.17243e-07 2.6375 251 5 0 1 518462 0
-0.979 -7.17243e-07 2.6375 252 8 0 1 517352 0
-0.976 -7.17243e-07 2.6375 253 5 0 1 518162 0
-0.973 -7.17243e-07 2.6375 255 6 0 1 517576 0
-0.97 -7.17243e-07 2.6375 256 2 0 1 517655 0
-0.967 -7.17243e-07 2.6375 257 2 0 1 517181 0
-0.964 -7.17243e-07 2.6375 259 4 0 1 517411 0
-0.961 -7.17243e-07 2.6375 260 3 0 1 517392 0
-0.958 -7.17243e-07 2.6375 261 6 0 1 516472 0
-0.955 -7.17243e-07 2.6375 263 0 0 1 517292 0
-0.952 -7.17243e-07 2.6375 264 6 0 1 516500 0
-0.949 -7.17243e-07 2.6375 265 6 0 1 516897 0
-0.946 -7.17243e-07 2.6375 266 3 0 1 515881 0
-0.943 -7.17243e-07 2.6375 268 4 0 1 516489 0
-0.94 -7.17243e-07 2.6375 269 6 0 1 516051 0
-1.06 -7.17243e-07 2.65 274 5 0 1 516120 0
-1.057 -7.17243e-07 2.65 275 3 0 1 515106 0
-1.054 -7.17243e-07 2.65 276 2 0 1 516014 0
-1.051 -7.17243e-07 2.65 278 1 0 1 515552 0
-1.048 -7.17243e-07 2.65 279 4 0 1 515527 0
-1.045 -7.17243e-07 2.65 280 5 0 1 516044 0
-1.042 -7.17243e-07 2.65 282 6 0 1 515805 0
-1.039 -7.17243e-07 2.65 283 6 0 1 515948 0
-1.036 -7.17243e-07 2.65 284 2 0 1 514972 0
-1.033 -7.17243e-07 2.65 285 5 0 1 516321 0
-1.03 -7.17243e-07 2.65 287 3 0 1 515727 0
-1.027 -7.17243e-07 2.65 288 2 0 1 516041 0
-1.024 -7.17243e-07 2.65 289 4 0 1 515764 0
-1.021 -7.17243e-07 2.65 290 2 0 1 515920 0
-1.018 -7.17243e-07 2.65 292 4 0 1 515969 0
-1.015 -7.17243e-07 2.65 293 5 0 1 515126 0
-1.012 -7.17243e-07 2.65 294 3 0 1 516389 0
-1.009 -7.17243e-07 2.65 296 4 0 1 515541 0
-1.006 -7.17243e-07 2.65 297 4 0 1 516063 0
-1.003 -7.17243e-07 2.65 298 2 0 1 515035 0
-1 -7.17243e-07 2.65 300 4 0 1 516082 0
-0.997 -7.17243e-07 2.65 301 2 0 1 515479 0
-0.994 -7.17243e-07 2.65 302 5 0 1 515387 0
-0.991 -7.17243e-07 2.65 303 3 0 1 515885 0
-0.988 -7.17243e-07 2.65 305 1 0 1 515213 0
-0.985 -7.17243e-07 2.65 306 3 0 1 516054 0
-0.982 -7.17243e-07 2.65 307 4 0 1 514947 0
-0.979 -7.17243e-07 2.65 309 5 0 1 516218 0
-0.976 -7.17243e-07 2.65 310 5 0 1 515050 0
-0.973 -7.17243e-07 2.65 311 3 0 1 515628 0
-0.97 -7.17243e-07 2.65 312 5 0 1 515189 0
-0.967 -7.17243e-07 2.65 314 1 0 1 515758 0
-0.964 -7.17243e-07 2.65 315 1 0 1 515620 0
-0.961 -7.17243e-07 2.65 316 3 0 1 515008 0
-0.958 -7.17243e-07 2.65 318 3 0 1 515520 0
-0.955 -7.17243e-07 2.65 319 2 0 1 514862 0
-0.952 -7.17243e-07 2.65 320 3 0 1 515499 0
-0.949 -7.17243e-07 2.65 321 3 0 1 514216 0
-0.946 -7.17243e-07 2.65 323 3 0 1 515335 0
-0.943 -7.17243e-07 2.65 324 4 0 1 514561 0
-0.94 -7.17243e-07 2.65 325 1 0 1 514628 0
-1.06 -7.17243e-07 2.6625 330 3 0 1 514519 0
-1.057 -7.17243e-07 2.6625 331 5 0 1 515755 0
-1.054 -7.17243e-07 2.6625 333 4 0 1 514665 0
-1.051 -7.17243e-07 2.6625 334 3 0 1 515044 0
-1.048 -7.17243e-07 2.6625 335 0 0 1 515187 0
-1.045 -7.17243e-07 2.6625 336 4 0 1 514814 0
-1.042 -7.17243e-07 2.6625 338 3 0 1 515350 0
-1.039 -7.17243e-07 2.6625 339 6 0 1 514376 0
-1.036 -7.17243e-07 2.6625 340 5 0 1 515265 0
-1.033 -7.17243e-07 2.6625 342 4 0 1 513565 0
-1.03 -7.17243e-07 2.6625 343 2 0 1 513880 0
-1.027 -7.17243e-07 2.6625 344 6 0 1 513299 0
-1.024 -7.17243e-07 2.6625 346 5 0 1 513878 0
-1.021 -7.17243e-07 2.6625 347 3 0 1 513792 0
-1.018 -7.17243e-07 2.6625 348 3 0 1 513521 0
-1.015 -7.17243e-07 2.6625 349 3 0 1 514143 0
-1.012 -7.17243e-07 2.6625 351 5 0 1 513559 0
-1.009 -7.17243e-07 2.6625 352 0 0 1 514341 0
-1.006 -7.17243e-07 2.6625 353 2 0 1 513670 0
-1.003 -7.17243e-07 2.6625 354 5 0 1 514601 0
-1 -7.17243e-07 2.6625 356 4 0 1 514208 0
-0.997 -7.17243e-07 2.6625 357 6 0 1 514339 0
-0.994 -7.17243e-07 2.6625 358 5 0 1 514403 0
-0.991 -7.17243e-07 2.6625 360 4 0 1 513566 0
-0.988 -7.17243e-07 2.6625 361 4 0 1 513547 0
-0.985 -7.17243e-07 2.6625 362 6 0 1 512854 0
-0.982 -7.17243e-07 2.6625 363 3 0 1 513590 0
-0.979 -7.17243e-07 2.6625 365 3 0 1 512429 0
-0.976 -7.17243e-07 2.6625 366 3 0 1 513354 0
-0.973 -7.17243e-07 2.6625 367 5 0 1 512604 0
-0.97 -7.17243e-07 2.6625 369 3 0 1 512802 0
-0.967 -7.17243e-07 2.6625 370 4 0 1 512146 0
-0.964 -7.17243e-07 2.6625 371 2 0 1 511611 0
-0.961 -7.17243e-07 2.6625 372 2 0 1 512228 0
-0.958 -7.17243e-07 2.6625 374 3 0 1 511645 0
-0.955 -7.17243e-07 2.6625 375 1 0 1 511703 0
-0.952 -7.17243e-07 2.6625 376 7 0 1 510523 0
-0.949 -7.17243e-07 2.6625 378 3 0 1 511508 0
-0.946 -7.17243e-07 2.6625 379 2 0 1 510579 0
-0.943 -7.17243e-07 2.6625 380 8 0 1 510503 0
-0.94 -7.17243e-07 2.6625 382 2 0 1 510255 0
-1.06 -7.17243e-07 2.675 386 3 0 1 511425 0
-1.057 -7.17243e-07 2.675 388 3 0 1 510258 0
-1.054 -7.17243e-07 2.675 389 3 0 1 510936 0
-1.051 -7.17243e-07 2.675 390 4 0 1 511237 0
-1.048 -7.17243e-07 2.675 391 3 0 1 510775 0
-1.045 -7.17243e-07 2.675 393 5 0 1 510947 0
-1.042 -7.17243e-07 2.675 394 6 0 1 510581 0
-1.039 -7.17243e-07 2.675 395 4 0 1 511400 0
-1.036 -7.17243e-07 2.675 397 1 0 1 510130 0
-1.033 -7.17243e-07 2.675 398 1 0 1 511021 0
-1.03 -7.17243e-07 2.675 399 5 0 1 510899 0
-1.027 -7.17243e-07 2.675 400 7 0 1 510783 0
-1.024 -7.17243e-07 2.675 402 3 0 1 510618 0
-1.021 -7.17243e-07 2.675 403 2 0 1 511082 0
-1.018 -7.17243e-07 2.675 404 4 0 1 511968 0
-1.015 -7.17243e-07 2.675 406 2 0 1 510936 0
-1.012 -7.17243e-07 2.675 407 2 0 1 512126 0
-1.009 -7.17243e-07 2.675 408 5 0 1 511630 0
-1.006 -7.17243e-07 2.675 409 4 0 1 512160 0
-1.003 -7.17243e-07 2.675 411 1 0 1 511192 0
-1 -7.17243e-07 2.675 412 5 0 1 511572 0
-0.997 -7.17243e-07 2.675 413 1 0 1 511701 0
-0.994 -7.17243e-07 2.675 415 4 0 1 511483 0
-0.991 -7.17243e-07 2.675 416 4 0 1 511975 0
-0.988 -7.17243e-07 2.675 417 8 0 1 511648 0
-0.985 -7.17243e-07 2.675 418 1 0 1 512462 0
-0.982 -7.17243e-07 2.675 420 5 0 1 511196 0
-0.979 -7.17243e-07 2.675 421 8 0 1 512231 0
-0.976 -7.17243e-07 2.675 422 3 0 1 511617 0
-0.973 -7.17243e-07 2.675 424 6 0 1 512000 0
-0.97 -7.17243e-07 2.675 425 2 0 1 511619 0
-0.967 -7.17243e-07 2.675 426 6 0 1 511928 0
-0.964 -7.17243e-07 2.675 427 2 0 1 512247 0
-0.961 -7.17243e-07 2.675 429 4 0 1 511514 0
-0.958 -7.17243e-07 2.675 430 3 0 1 512408 0
-0.955 -7.17243e-07 2.675 431 4 0 1 511992 0
-0.952 -7.17243e-07 2.675 433 6 0 1 512838 0
-0.949 -7.17243e-07 2.675 434 5 0 1 511796 0
-0.946 -7.17243e-07 2.675 435 3 0 1 512602 0
-0.943 -7.17243e-07 2.675 436 6 0 1 512321 0
-0.94 -7.17243e-07 2.675 438 3 0 1 512489 0
-1.06 -7.17243e-07 2.6875 442 2 0 1 511630 0
-1.057 -7.17243e-07 2.6875 444 2 0 1 512531 0
-1.054 -7.17243e-07 2.6875 445 4 0 1 511905 0
-1.051 -7.17243e-07 2.6875 446 4 0 1 511811 0
-1.048 -7.17243e-07 2.6875 448 3 0 1 512070 0
-1.045 -7.17243e-07 2.6875 449 4 0 1 511762 0
-1.042 -7.17243e-07 2.6875 450 3 0 1 512129 0
-1.039 -7.17243e-07 2.6875 451 3 0 1 511363 0
-1.036 -7.17243e-07 2.6875 453 5 0 1 512360 0
-1.033 -7.17243e-07 2.6875 454 4 0 1 511235 0
-1.03 -7.17243e-07 2.6875 455 2 0 1 511771 0
-1.027 -7.17243e-07 2.6875 457 8 0 1 511406 0
-1.024 -7.17243e-07 2.6875 458 4 0 1 511832 0
-1.021 -7.17243e-07 2.6875 459 3 0 1 511360 0
-1.018 -7.17243e-07 2.6875 460 4 0 1 511355 0
-1.015 -7.17243e-07 2.6875 462 4 0 1 511845 0
-1.012 -7.17243e-07 2.6875 463 5 0 1 511176 0
-1.009 -7.17243e-07 2.6875 464 2 0 1 511755 0
-1.006 -7.17243e-07 2.6875 466 2 0 1 511065 0
-1.003 -7.17243e-07 2.6875 467 3 0 1 512074 0
-1 -7.17243e-07 2.6875 468 4 0 1 511670 0
-0.997 -7.17243e-07 2.6875 469 5 0 1 512052 0
-0.994 -7.17243e-07 2.6875 471 7 0 1 512019 0
-0.991 -7.17243e-07 2.6875 472 7 0 1 512247 0
-0.988 -7.17243e-07 2.6875 473 5 0 1 512490 0
-0.985 -7.17243e-07 2.6875 475 6 0 1 512092 0
-0.982 -7.17243e-07 2.6875 476 5 0 1 512855 0
-0.979 -7.17243e-07 2.6875 477 2 0 1 511795 0
-0.976 -7.17243e-07 2.6875 478 6 0 1 512570 0
-0.973 -7.17243e-07 2.6875 480 3 0 1 511716 0
-0.97 -7.17243e-07 2.6875 481 6 0 1 512679 0
-0.967 -7.17243e-07 2.6875 482 5 0 1 511561 0
-0.964 -7.17243e-07 2.6875 484 6 0 1 512136 0
-0.961 -7.17243e-07 2.6875 485 1 0 1 512111 0
-0.958 -7.17243e-07 2.6875 486 2 0 1 512111 0
-0.955 -7.17243e-07 2.6875 487 3 0 1 512152 0
-0.952 -7.17243e-07 2.6875 489 6 0 1 511937 0
-0.949 -7.17243e-07 2.6875 490 5 0 1 512512 0
-0.946 -7.17243e-07 2.6875 491 3 0 1 511338 0
-0.943 -7.17243e-07 2.6875 493 4 0 1 512537 0
-0.94 -7.17243e-07 2.6875 494 4 0 1 511795 0
-1.06 -7.17243e-07 2.7 499 4 0 1 512416 0
-1.057 -7.17243e-07 2.7 500 3 0 1 511536 0
-1.054 -7.17243e-07 2.7 501 7 0 1 512791 0
-1.051 -7.17243e-07 2.7 502 6 0 1 511892 0
-1.048 -7.17243e-07 2.7 504 1 0 1 512470 0
-1.045 -7.17243e-07 2.7 505 7 0 1 511911 0
-1.042 -7.17243e-07 2.7 506 1 0 1 512807 0
-1.039 -7.17243e-07 2.7 508 2 0 1 512120 0
-1.036 -7.17243e-07 2.7 509 2 0 1 511826 0
-1.033 -7.17243e-07 2.7 510 2 0 1 512721 0
-1.03 -7.17243e-07 2.7 511 8 0 1 512053 0
-1.027 -7.17243e-07 2.7 513 3 0 1 512801 0
-1.024 -7.17243e-07 2.7 514 6 0 1 512593 0
-1.021 -7.17243e-07 2.7 515 4 0 1 513443 0
-1.018 -7.17243e-07 2.7 517 6 0 1 512793 0
-1.015 -7.17243e-07 2.7 518 5 0 1 512904 0
-1.012 -7.17243e-07 2.7 519 4 0 1 513205 0
-1.009 -7.17243e-07 2.7 520 5 0 1 513004 0
-1.006 -7.17243e-07 2.7 522 4 0 1 513240 0
-1.003 -7.17243e-07 2.7 523 4 0 1 512856 0
-1 -7.17243e-07 2.7 524 4 0 1 513696 0
-0.997 -7.17243e-07 2.7 526 3 0 1 512672 0
-0.994 -7.17243e-07 2.7 527 5 0 1 513705 0
-0.991 -7.17243e-07 2.7 528 7 0 1 513074 0
-0.988 -7.17243e-07 2.7 529 2 0 1 513644 0
-0.985 -7.17243e-07 2.7 531 4 0 1 512516 0
-0.982 -7.17243e-07 2.7 532 1 0 1 513235 0
-0.979 -7.17243e-07 2.7 533 5 0 1 513093 0
-0.976 -7.17243e-07 2.7 535 2 0 1 512686 0
-0.973 -7.17243e-07 2.7 536 1 0 1 512983 0
-0.97 -7.17243e-07 2.7 537 2 0 1 512625 0
-0.967 -7.17243e-07 2.7 538 5 0 1 513643 0
-0.964 -7.17243e-07 2.7 540 4 0 1 512184 0
-0.961 -7.17243e-07 2.7 541 4 0 1 512969 0
-0.958 -7.17243e-07 2.7 542 5 0 1 512380 0
-0.955 -7.17243e-07 2.7 544 2 0 1 512853 0
-0.952 -7.17243e-07 2.7 545 2 0 1 512344 0
-0.949 -7.17243e-07 2.7 546 4 0 1 512476 0
-0.946 -7.17243e-07 2.7 547 4 0 1 512932 0
-0.943 -7.17243e-07 2.7 549 3 0 1 512330 0
-0.94 -7.17243e-07 2.7 550 4 0 1 512923 0
-1.06 -7.17243e-07 2.7125 555 3 0 1 512650 0
-1.057 -7.17243e-07 2.7125 556 3 0 1 512922 0
-1.054 -7.17243e-07 2.7125 557 1 0 1 511970 0
-1.051 -7.17243e-07 2.7125 559 4 0 1 512931 0
-1.048 -7.17243e-07 2.7125 560 7 0 1 512073 0
-1.045 -7.17243e-07 2.7125 561 2 0 1 512686 0
-1.042 -7.17243e-07 2.7125 562 2 0 1 512126 0
-1.039 -7.17243e-07 2.7125 564 2 0 1 513286 0
-1.036 -7.17243e-07 2.7125 565 5 0 1 512507 0
-1.033 -7.17243e-07 2.7125 566 3 0 1 512733 0
-1.03 -7.17243e-07 2.7125 568 4 0 1 512742 0
-1.027 -7.17243e-07 2.7125 569 4 0 1 512468 0
-1.024 -7.17243e-07 2.7125 570 8 0 1 512693 0
-1.021 -7.17243e-07 2.7125 571 2 0 1 512011 0
-1.018 -7.17243e-07 2.7125 573 2 0 1 513100 0
-1.015 -7.17243e-07 2.7125 574 5 0 1 511901 0
-1.012 -7.17243e-07 2.7125 575 7 0 1 512441 0
-1.009 -7.17243e-07 2.7125 577 8 0 1 512060 0
-1.006 -7.17243e-07 2.7125 578 6 0 1 512440 0
-1.003 -7.17243e-07 2.7125 579 6 0 1 511914 0
-1 -7.17243e-07 2.7125 580 7 0 1 512274 0
-0.997 -7.17243e-07 2.7125 582 9 0 1 512333 0
-0.994 -7.17243e-07 2.7125 583 8 0 1 511733 0
-0.991 -7.17243e-07 2.7125 584 6 0 1 512252 0
-0.988 -7.17243e-07 2.7125 585 4 0 1 511736 0
-0.985 -7.17243e-07 2.7125 587 3 0 1 512745 0
-0.982 -7.17243e-07 2.7125 588 5 0 1 511490 0
-0.979 -7.17243e-07 2.7125 589 7 0 1 512605 0
-0.976 -7.17243e-07 2.7125 591 7 0 1 512434 0
-0.973 -7.17243e-07 2.7125 592 3 0 1 512756 0
-0.97 -7.17243e-07 2.7125 593 3 0 1 512672 0
-0.967 -7.17243e-07 2.7125 595 3 0 1 512438 0
-0.964 -7.17243e-07 2.7125 596 2 0 1 512962 0
-0.961 -7.17243e-07 2.7125 597 9 0 1 511944 0
-0.958 -7.17243e-07 2.7125 598 4 0 1 512763 0
-0.955 -7.17243e-07 2.7125 600 4 0 1 512020 0
-0.952 -7.17243e-07 2.7125 601 4 0 1 512783 0
-0.949 -7.17243e-07 2.7125 602 4 0 1 511981 0
-0.946 -7.17243e-07 2.7125 604 6 0 1 512543 0
-0.943 -7.17243e-07 2.7125 605 8 0 1 512319 0
-0.94 -7.17243e-07 2.7125 606 2 0 1 512223 0
-1.06 -7.17243e-07 2.725 611 7 0 1 512313 0
-1.057 -7.17243e-07 2.725 612 7 0 1 513230 0
-1.054 -7.17243e-07 2.725 613 5 0 1 512537 0
-1.051 -7.17243e-07 2.725 615 4 0 1 512922 0
-1.048 -7.17243e-07 2.725 616 0 0 1 513021 0
-1.045 -7.17243e-07 2.725 617 1 0 1 512536 0
-1.042 -7.17243e-07 2.725 619 5 0 1 512985 0
-1.039 -7.17243e-07 2.725 620 2 0 1 512385 0
-1.036 -7.17243e-07 2.725 621 2 0 1 513434 0
-1.033 -7.17243e-07 2.725 622 3 0 1 512311 0
-1.03 -7.17243e-07 2.725 624 2 0 1 513189 0
-1.027 -7.17243e-07 2.725 625 7 0 1 513075 0
-1.024 -7.17243e-07 2.725 626 3 0 1 513605 0
-1.021 -7.17243e-07 2.725 627 6 0 1 513085 0
-1.018 -7.17243e-07 2.725 629 3 0 1 513418 0
-1.015 -7.17243e-07 2.725 630 0 0 1 513829 0
-1.012 -7.17243e-07 2.725 631 2 0 1 513007 0
-1.009 -7.17243e-07 2.725 633 1 0 1 513637 0
-1.006 -7.17243e-07 2.725 634 6 0 1 513007 0
-1.003 -7.17243e-07 2.725 635 5 0 1 513732 0
-1 -7.17243e-07 2.725 636 5 0 1 512754 0
-0.997 -7.17243e-07 2.725 638 3 0 1 513682 0
-0.994 -7.17243e-07 2.725 639 5 0 1 513082 0
-0.991 -7.17243e-07 2.725 640 2 0 1 513309 0
-0.988 -7.17243e-07 2.725 642 2 0 1 512937 0
-0.985 -7.17243e-07 2.725 643 6 0 1 513469 0
-0.982 -7.17243e-07 2.725 644 4 0 1 513196 0
-0.979 -7.17243e-07 2.725 645 0 0 1 512834 0
-0.976 -7.17243e-07 2.725 647 2 0 1 513914 0
-0.973 -7.17243e-07 2.725 648 6 0 1 513319 0
-0.97 -7.17243e-07 2.725 649 5 0 1 513946 0
-0.967 -7.17243e-07 2.725 651 4 0 1 512695 0
-0.964 -7.17243e-07 2.725 652 4 0 1 514061 0
-0.961 -7.17243e-07 2.725 653 2 0 1 512784 0
-0.958 -7.17243e-07 2.725 654 4 0 1 513289 0
-0.955 -7.17243e-07 2.725 656 3 0 1 512781 0
-0.952 -7.17243e-07 2.725 657 8 0 1 513125 0
-0.949 -7.17243e-07 2.725 658 3 0 1 513091 0
-0.946 -7.17243e-07 2.725 660 4 0 1 512866 0
-0.943 -7.17243e-07 2.725 661 1 0 1 513933 0
-0.94 -7.17243e-07 2.725 662 3 0 1 513047 0
-1.06 -7.17243e-07 2.7375 667 4 0 1 513125 0
-1.057 -7.17243e-07 2.7375 668 2 0 1 513132 0
-1.054 -7.17243e-07 2.7375 669 2 0 1 513423 0
-1.051 -7.17243e-07 2.7375 671 2 0 1 512620 0
-1.048 -7.17243e-07 2.7375 672 2 0 1 513298 0
-1.045 -7.17243e-07 2.7375 673 4 0 1 512881 0
-1.042 -7.17243e-07 2.7375 675 5 0 1 513496 0
-1.039 -7.17243e-07 2.7375 676 4 0 1 512981 0
-1.036 -7.17243e-07 2.7375 677 4 0 1 513606 0
-1.033 -7.17243e-07 2.7375 678 3 0 1 512998 0
-1.03 -7.17243e-07 2.7375 680 3 0 1 513051 0
-1.027 -7.17243e-07 2.7375 681 3 0 1 513219 0
-1.024 -7.17243e-07 2.7375 682 5 0 1 513060 0
-1.021 -7.17243e-07 2.7375 684 5 0 1 513498 0
-1.018 -7.17243e-07 2.7375 685 3 0 1 512882 0
-1.015 -7.17243e-07 2.7375 686 4 0 1 513937 0
-1.012 -7.17243e-07 2.7375 687 4 0 1 512481 0
-1.009 -7.17243e-07 2.7375 689 0 0 1 513311 0
-1.006 -7.17243e-07 2.7375 690 5 0 1 512741 0
-1.003 -7.17243e-07 2.7375 691 5 0 1 513580 0
-1 -7.17243e-07 2.7375 692 3 0 1 512720 0
-0.997 -7.17243e-07 2.7375 694 3 0 1 513089 0
-0.994 -7.17243e-07 2.7375 695 3 0 1 513370 0
-0.991 -7.17243e-07 2.7375 696 1 0 1 513117 0
-0.988 -7.17243e-07 2.7375 698 4 0 1 513227 0
-0.985 -7.17243e-07 2.7375 699 1 0 1 513026 0
-0.982 -7.17243e-07 2.7375 700 3 0 1 513533 0
-0.979 -7.17243e-07 2.7375 702 5 0 1 512581 0
-0.976 -7.17243e-07 2.7375 703 2 0 1 513496 0
-0.973 -7.17243e-07 2.7375 704 3 0 1 512767 0
-0.97 -7.17243e-07 2.7375 705 3 0 1 513194 0
-0.967 -7.17243e-07 2.7375 707 8 0 1 512572 0
-0.964 -7.17243e-07 2.7375 708 5 0 1 513478 0
-0.961 -7.17243e-07 2.7375 709 4 0 1 512542 0
-0.958 -7.17243e-07 2.7375 711 7 0 1 513080 0
-0.955 -7.17243e-07 2.7375 712 8 0 1 512848 0
-0.952 -7.17243e-07 2.7375 713 2 0 1 513085 0
-0.949 -7.17243e-07 2.7375 714 4 0 1 512985 0
-0.946 -7.17243e-07 2.7375 716 3 0 1 512961 0
-0.943 -7.17243e-07 2.7375 717 2 0 1 513616 0
-0.94 -7.17243e-07 2.7375 718 0 0 1 512520 0
-1.06 -7.17243e-07 2.75 723 3 0 1 513013 0
-1.057 -7.17243e-07 2.75 724 5 0 1 513330 0
-1.054 -7.17243e-07 2.75 725 6 0 1 513103 0
-1.051 -7.17243e-07 2.75 727 3 0 1 512945 0
-1.048 -7.17243e-07 2.75 728 2 0 1 513709 0
-1.045 -7.17243e-07 2.75 729 3 0 1 513007 0
-1.042 -7.17243e-07 2.75 731 4 0 1 513557 0
-1.039 -7.17243e-07 2.75 732 5 0 1 512956 0
-1.036 -7.17243e-07 2.75 733 3 0 1 513569 0
-1.033 -7.17243e-07 2.75 734 6 0 1 512725 0
-1.03 -7.17243e-07 2.75 736 2 0 1 513906 0
-1.027 -7.17243e-07 2.75 737 2 0 1 513384 0
-1.024 -7.17243e-07 2.75 738 5 0 1 513524 0
-1.021 -7.17243e-07 2.75 740 4 0 1 513216 0
-1.018 -7.17243e-07 2.75 741 7 0 1 513642 0
-1.015 -7.17243e-07 2.75 742 2 0 1 513391 0
-1.012 -7.17243e-07 2.75 743 2 0 1 513305 0
-1.009 -7.17243e-07 2.75 745 4 0 1 513882 0
-1.006 -7.17243e-07 2.75 746 4 0 1 513166 0
-1.003 -7.17243e-07 2.75 747 7 0 1 513707 0
-1 -7.17243e-07 2.75 749 3 0 1 513283 0
-0.997 -7.17243e-07 2.75 750 10 0 1 514009 0
-0.994 -7.17243e-07 2.75 751 7 0 1 512965 0
-0.991 -7.17243e-07 2.75 752 2 0 1 513950 0
-0.988 -7.17243e-07 2.75 754 7 0 1 513426 0
-0.985 -7.17243e-07 2.75 755 4 0 1 513858 0
-0.982 -7.17243e-07 2.75 756 3 0 1 512801 0
-0.979 -7.17243e-07 2.75 758 5 0 1 514222 0
-0.976 -7.17243e-07 2.75 759 4 0 1 513842 0
-0.973 -7.17243e-07 2.75 760 6 0 1 513400 0
-0.97 -7.17243e-07 2.75 761 2 0 1 513818 0
-0.967 -7.17243e-07 2.75 763 5 0 1 513586 0
-0.964 -7.17243e-07 2.75 764 2 0 1 513841 0
-0.961 -7.17243e-07 2.75 765 2 0 1 513353 0
-0.958 -7.17243e-07 2.75 767 2 0 1 514454 0
-0.955 -7.17243e-07 2.75 768 6 0 1 513306 0
-0.952 -7.17243e-07 2.75 769 3 0 1 513853 0
-0.949 -7.17243e-07 2.75 770 1 0 1 513646 0
-0.946 -7.17243e-07 2.75 772 3 0 1 514393 0
-0.943 -7.17243e-07 2.75 773 6 0 1 513083 0
-0.94 -7.17243e-07 2.75 774 5 0 1 513802 0
-1.06 -7.17243e-07 2.7625 779 2 0 1 513223 0
-1.057 -7.17243e-07 2.7625 780 5 0 1 513573 0
-1.054 -7.17243e-07 2.7625 781 4 0 1 512804 0
-1.051 -7.17243e-07 2.7625 783 2 0 1 513971 0
-1.048 -7.17243e-07 2.7625 784 1 0 1 512662 0
-1.045 -7.17243e-07 2.7625 785 4 0 1 513202 0
-1.042 -7.17243e-07 2.7625 787 8 0 1 512859 0
-1.039 -7.17243e-07 2.7625 788 3 0 1 512732 0
-1.036 -7.17243e-07 2.7625 789 2 0 1 513054 0
-1.033 -7.17243e-07 2.7625 790 2 0 1 512660 0
-1.03 -7.17243e-07 2.7625 792 2 0 1 513507 0
-1.027 -7.17243e-07 2.7625 793 4 0 1 512246 0
-1.024 -7.17243e-07 2.7625 794 5 0 1 513111 0
-1.021 -7.17243e-07 2.7625 796 3 0 1 512558 0
-1.018 -7.17243e-07 2.7625 797 6 0 1 513002 0
-1.015 -7.17243e-07 2.7625 798 6 0 1 512468 0
-1.012 -7.17243e-07 2.7625 799 4 0 1 513575 0
-1.009 -7.17243e-07 2.7625 801 6 0 1 512548 0
-1.006 -7.17243e-07 2.7625 802 1 0 1 513102 0
-1.003 -7.17243e-07 2.7625 803 4 0 1 513273 0
-1 -7.17243e-07 2.7625 805 5 0 1 513399 0
-0.997 -7.17243e-07 2.7625 806 4 0 1 513306 0
-0.994 -7.17243e-07 2.7625 807 7 0 1 513157 0
-0.991 -7.17243e-07 2.7625 808 3 0 1 514062 0
-0.988 -7.17243e-07 2.7625 810 3 0 1 513076 0
-0.985 -7.17243e-07 2.7625 811 7 0 1 513852 0
-0.982 -7.17243e-07 2.7625 812 3 0 1 513283 0
-0.979 -7.17243e-07 2.7625 813 7 0 1 513851 0
-0.976 -7.17243e-07 2.7625 815 5 0 1 512981 0
-0.973 -7.17243e-07 2.7625 816 7 0 1 513480 0
-0.97 -7.17243e-07 2.7625 817 5 0 1 513510 0
-0.967 -7.17243e-07 2.7625 819 3 0 1 513225 0
-0.964 -7.17243e-07 2.7625 820 2 0 1 513281 0
-0.961 -7.17243e-07 2.7625 821 4 0 1 513779 0
-0.958 -7.17243e-07 2.7625 822 1 0 1 513672 0
-0.955 -7.17243e-07 2.7625 824 4 0 1 513454 0
-0.952 -7.17243e-07 2.7625 825 7 0 1 514205 0
-0.949 -7.17243e-07 2.7625 826 3 0 1 513576 0
-0.946 -7.17243e-07 2.7625 828 3 0 1 513964 0
-0.943 -7.17243e-07 2.7625 829 2 0 1 513376 0
-0.94 -7.17243e-07 2.7625 830 4 0 1 514657 0
-1.06 -7.17243e-07 2.775 835 3 0 1 513831 0
-1.057 -7.17243e-07 2.775 836 2 0 1 514157 0
-1.054 -7.17243e-07 2.775 837 4 0 1 513552 0
-1.051 -7.17243e-07 2.775 839 2 0 1 514007 0
-1.048 -7.17243e-07 2.775 840 3 0 1 513675 0
-1.045 -7.17243e-07 2.775 841 7 0 1 514401 0
-1.042 -7.17243e-07 2.775 842 2 0 1 513178 0
-1.039 -7.17243e-07 2.775 844 2 0 1 514243 0
-1.036 -7.17243e-07 2.775 845 8 0 1 513643 0
-1.033 -7.17243e-07 2.775 846 5 0 1 513857 0
-1.03 -7.17243e-07 2.775 848 6 0 1 513245 0
-1.027 -7.17243e-07 2.775 849 5 0 1 514445 0
-1.024 -7.17243e-07 2.775 850 9 0 1 513621 0
-1.021 -7.17243e-07 2.775 851 4 0 1 513738 0
-1.018 -7.17243e-07 2.775 853 5 0 1 513676 0
-1.015 -7.17243e-07 2.775 854 6 0 1 513859 0
-1.012 -7.17243e-07 2.775 855 3 0 1 513803 0
-1.009 -7.17243e-07 2.775 857 4 0 1 513768 0
-1.006 -7.17243e-07 2.775 858 6 0 1 514443 0
-1.003 -7.17243e-07 2.775 859 2 0 1 513132 0
-1 -7.17243e-07 2.775 860 4 0 1 513893 0
-0.997 -7.17243e-07 2.775 862 9 0 1 513365 0
-0.994 -7.17243e-07 2.775 863 7 0 1 513750 0
-0.991 -7.17243e-07 2.775 864 8 0 1 512540 0
-0.988 -7.17243e-07 2.775 866 2 0 1 513601 0
-0.985 -7.17243e-07 2.775 867 1 0 1 513011 0
-0.982 -7.17243e-07 2.775 868 5 0 1 513333 0
-0.979 -7.17243e-07 2.775 869 5 0 1 513056 0
-0.976 -7.17243e-07 2.775 871 2 0 1 513509 0
-0.973 -7.17243e-07 2.775 872 1 0 1 512912 0
-0.97 -7.17243e-07 2.775 873 3 0 1 513207 0
-0.967 -7.17243e-07 2.775 875 5 0 1 513086 0
-0.964 -7.17243e-07 2.775 876 5 0 1 512860 0
-0.961 -7.17243e-07 2.775 877 2 0 1 513001 0
-0.958 -7.17243e-07 2.775 878 3 0 1 512992 0
-0.955 -7.17243e-07 2.775 880 4 0 1 513089 0
-0.952 -7.17243e-07 2.775 881 3 0 1 512483 0
-0.949 -7.17243e-07 2.775 882 1 0 1 513475 0
-0.946 -7.17243e-07 2.775 884 4 0 1 512723 0
-0.943 -7.17243e-07 2.775 885 1 0 1 513121 0
-0.94 -7.17243e-07 2.775 886 3 0 1 512814 0
-1.06 -7.17243e-07 2.7875 891 5 0 1 513023 0
-1.057 -7.17243e-07 2.7875 892 8 0 1 512828 0
-1.054 -7.17243e-07 2.7875 893 4 0 1 513775 0
-1.051 -7.17243e-07 2.7875 895 7 0 1 513321 0
-1.048 -7.17243e-07 2.7875 896 3 0 1 514179 0
-1.045 -7.17243e-07 2.7875 897 2 0 1 513696 0
-1.042 -7.17243e-07 2.7875 898 2 0 1 514738 0
-1.039 -7.17243e-07 2.7875 900 6 0 1 513684 0
-1.036 -7.17243e-07 2.7875 901 5 0 1 514515 0
-1.033 -7.17243e-07 2.7875 902 6 0 1 514272 0
-1.03 -7.17243e-07 2.7875 904 5 0 1 514823 0
-1.027 -7.17243e-07 2.7875 905 2 0 1 514413 0
-1.024 -7.17243e-07 2.7875 906 2 0 1 515062 0
-1.021 -7.17243e-07 2.7875 907 9 0 1 514583 0
-1.018 -7.17243e-07 2.7875 909 7 0 1 514793 0
-1.015 -7.17243e-07 2.7875 910 10 0 1 515082 0
-1.012 -7.17243e-07 2.7875 911 2 0 1 514899 0
-1.009 -7.17243e-07 2.7875 913 6 0 1 514967 0
-1.006 -7.17243e-07 2.7875 914 5 0 1 514761 0
-1.003 -7.17243e-07 2.7875 915 6 0 1 515488 0
-1 -7.17243e-07 2.7875 916 4 0 1 514511 0
-0.997 -7.17243e-07 2.7875 918 20 0 1 515318 0
-0.994 -7.17243e-07 2.7875 919 22 0 1 514658 0
-0.991 -7.17243e-07 2.7875 920 10 0 1 515357 0
-0.988 -7.17243e-07 2.7875 922 6 0 1 514470 0
-0.985 -7.17243e-07 2.7875 923 6 0 1 515835 0
-0.982 -7.17243e-07 2.7875 924 3 0 1 514840 0
-0.979 -7.17243e-07 2.7875 925 3 0 1 515415 0
-0.976 -7.17243e-07 2.7875 927 4 0 1 514961 0
-0.973 -7.17243e-07 2.7875 928 0 0 1 515820 0
-0.97 -7.17243e-07 2.7875 929 5 0 1 514689 0
-0.967 -7.17243e-07 2.7875 931 4 0 1 515817 0
-0.964 -7.17243e-07 2.7875 932 4 0 1 515378 0
-0.961 -7.17243e-07 2.7875 933 4 0 1 515241 0
-0.958 -7.17243e-07 2.7875 934 1 0 1 515185 0
-0.955 -7.17243e-07 2.7875 936 3 0 1 515607 0
-0.952 -7.17243e-07 2.7875 937 5 0 1 515507 0
-0.949 -7.17243e-07 2.7875 938 6 0 1 514788 0
-0.946 -7.17243e-07 2.7875 940 3 0 1 515690 0
-0.943 -7.17243e-07 2.7875 941 5 0 1 514805 0
-0.94 -7.17243e-07 2.7875 942 4 0 1 515307 0
-1.06 -7.17243e-07 2.8 947 2 0 1 515018 0
-1.057 -7.17243e-07 2.8 948 2 0 1 515290 0
-1.054 -7.17243e-07 2.8 949 4 0 1 514312 0
-1.051 -7.17243e-07 2.8 951 3 0 1 515105 0
-1.048 -7.17243e-07 2.8 952 3 0 1 514463 0
-1.045 -7.17243e-07 2.8 953 8 0 1 515011 0
-1.042 -7.17243e-07 2.8 954 6 0 1 514351 0
-1.039 -7.17243e-07 2.8 956 5 0 1 515209 0
-1.036 -7.17243e-07 2.8 957 8 0 1 514257 0
-1.033 -7.17243e-07 2.8 958 4 0 1 514591 0
-1.03 -7.17243e-07 2.8 959 5 0 1 514539 0
-1.027 -7.17243e-07 2.8 961 6 0 1 514528 0
-1.024 -7.17243e-07 2.8 962 6 0 1 514201 0
-1.021 -7.17243e-07 2.8 963 5 0 1 514580 0
-1.018 -7.17243e-07 2.8 965 7 0 1 514382 0
-1.015 -7.17243e-07 2.8 966 2 0 1 513840 0
-1.012 -7.17243e-07 2.8 967 6 0 1 514441 0
-1.009 -7.17243e-07 2.8 968 5 0 1 513936 0
-1.006 -7.17243e-07 2.8 970 5 0 1 513978 0
-1.003 -7.17243e-07 2.8 971 8 0 1 513600 0
-1 -7.17243e-07 2.8 972 8 0 1 514670 0
-0.997 -7.17243e-07 2.8 974 29 0 1 513353 0
-0.994 -7.17243e-07 2.8 975 29 0 1 513924 0
-0.991 -7.17243e-07 2.8 976 5 0 1 513527 0
-0.988 -7.17243e-07 2.8 977 8 0 1 514047 0
-0.985 -7.17243e-07 2.8 979 8 0 1 513065 0
-0.982 -7.17243e-07 2.8 980 5 0 1 514300 0
-0.979 -7.17243e-07 2.8 981 6 0 1 513307 0
-0.976 -7.17243e-07 2.8 983 6 0 1 513594 0
-0.973 -7.17243e-07 2.8 984 4 0 1 513315 0
-0.97 -7.17243e-07 2.8 985 4 0 1 513682 0
-0.967 -7.17243e-07 2.8 986 8 0 1 513176 0
-0.964 -7.17243e-07 2.8 988 3 0 1 513597 0
-0.961 -7.17243e-07 2.8 989 4 0 1 513898 0
-0.958 -7.17243e-07 2.8 990 4 0 1 513688 0
-0.955 -7.17243e-07 2.8 992 4 0 1 514101 0
-0.952 -7.17243e-07 2.8 993 3 0 1 513912 0
-0.949 -7.17243e-07 2.8 994 6 0 1 514168 0
-0.946 -7.17243e-07 2.8 995 3 0 1 513505 0
-0.943 -7.17243e-07 2.8 997 6 0 1 514480 0
-0.94 -7.17243e-07 2.8 998 3 0 1 513655 0
-1.06 -7.17243e-07 2.8125 1003 2 0 1 514478 0
-1.057 -7.17243e-07 2.8125 1004 6 0 1 514584 0
-1.054 -7.17243e-07 2.8125 1005 2 0 1 513995 0
-1.051 -7.17243e-07 2.8125 1006 8 0 1 514067 0
-1.048 -7.17243e-07 2.8125 1008 4 0 1 514978 0
-1.045 -7.17243e-07 2.8125 1009 4 0 1 514167 0
-1.042 -7.17243e-07 2.8125 1010 6 0 1 514936 0
-1.039 -7.17243e-07 2.8125 1011 6 0 1 514455 0
-1.036 -7.17243e-07 2.8125 1013 1 0 1 515205 0
-1.033 -7.17243e-07 2.8125 1014 4 0 1 514169 0
-1.03 -7.17243e-07 2.8125 1015 3 0 1 515417 0
-1.027 -7.17243e-07 2.8125 1017 7 0 1 514420 0
-1.024 -7.17243e-07 2.8125 1018 6 0 1 514963 0
-1.021 -7.17243e-07 2.8125 1019 3 0 1 514643 0
-1.018 -7.17243e-07 2.8125 1020 11 0 1 515432 0
-1.015 -7.17243e-07 2.8125 1022 14 0 1 514594 0
-1.012 -7.17243e-07 2.8125 1023 4 0 1 515320 0
-1.009 -7.17243e-07 2.8125 1024 7 0 1 515236 0
-1.006 -7.17243e-07 2.8125 1026 6 0 1 515056 0
-1.003 -7.17243e-07 2.8125 1027 7 0 1 514945 0
-1 -7.17243e-07 2.8125 1028 11 0 1 515087 0
-0.997 -7.17243e-07 2.8125 1029 33 0 1 515379 0
-0.994 -7.17243e-07 2.8125 1031 44 0 1 514393 0
-0.991 -7.17243e-07 2.8125 1032 8 0 1 515304 0
-0.988 -7.17243e-07 2.8125 1033 6 0 1 514300 0
-0.985 -7.17243e-07 2.8125 1034 12 0 1 514925 0
-0.982 -7.17243e-07 2.8125 1036 7 0 1 514516 0
-0.979 -7.17243e-07 2.8125 1037 8 0 1 515032 0
-0.976 -7.17243e-07 2.8125 1038 12 0 1 513738 0
-0.973 -7.17243e-07 2.8125 1040 5 0 1 514853 0
-0.97 -7.17243e-07 2.8125 1041 8 0 1 514157 0
-0.967 -7.17243e-07 2.8125 1042 8 0 1 514627 0
-0.964 -7.17243e-07 2.8125 1043 12 0 1 514105 0
-0.961 -7.17243e-07 2.8125 1045 9 0 1 514140 0
-0.958 -7.17243e-07 2.8125 1046 5 0 1 514194 0
-0.955 -7.17243e-07 2.8125 1047 3 0 1 513633 0
-0.952 -7.17243e-07 2.8125 1049 4 0 1 514095 0
-0.949 -7.17243e-07 2.8125 1050 2 0 1 513762 0
-0.946 -7.17243e-07 2.8125 1051 4 0 1 514268 0
-0.943 -7.17243e-07 2.8125 1052 2 0 1 513535 0
-0.94 -7.17243e-07 2.8125 1054 4 0 1 515042 0
-1.06 -7.17243e-07 2.825 1058 3 0 1 513565 0
-1.057 -7.17243e-07 2.825 1060 4 0 1 514406 0
-1.054 -7.17243e-07 2.825 1061 9 0 1 513634 0
-1.051 -7.17243e-07 2.825 1062 4 0 1 513932 0
-1.048 -7.17243e-07 2.825 1063 1 0 1 513763 0
-1.045 -7.17243e-07 2.825 1065 6 0 1 514609 0
-1.042 -7.17243e-07 2.825 1066 3 0 1 513349 0
-1.039 -7.17243e-07 2.825 1067 4 0 1 514492 0
-1.036 -7.17243e-07 2.825 1069 7 0 1 513748 0
-1.033 -7.17243e-07 2.825 1070 5 0 1 513840 0
-1.03 -7.17243e-07 2.825 1071 12 0 1 513264 0
-1.027 -7.17243e-07 2.825 1072 11 0 1 514237 0
-1.024 -7.17243e-07 2.825 1074 4 0 1 513216 0
-1.021 -7.17243e-07 2.825 1075 6 0 1 513910 0
-1.018 -7.17243e-07 2.825 1076 9 0 1 513657 0
-1.015 -7.17243e-07 2.825 1077 10 0 1 513748 0
-1.012 -7.17243e-07 2.825 1079 13 0 1 513717 0
-1.009 -7.17243e-07 2.825 1080 6 0 1 513755 0
-1.006 -7.17243e-07 2.825 1081 10 0 1 513994 0
-1.003 -7.17243e-07 2.825 1083 20 0 1 513093 0
-1 -7.17243e-07 2.825 1084 39 0 1 514260 0
-0.997 -7.17243e-07 2.825 1085 102 0 1 513561 0
-0.994 -7.17243e-07 2.825 1086 145 0 1 513833 0
-0.991 -7.17243e-07 2.825 1088 41 0 1 513664 0
-0.988 -7.17243e-07 2.825 1089 6 0 1 514406 0
-0.985 -7.17243e-07 2.825 1090 12 0 1 513345 0
-0.982 -7.17243e-07 2.825 1092 9 0 1 514191 0
-0.979 -7.17243e-07 2.825 1093 9 0 1 513673 0
-0.976 -7.17243e-07 2.825 1094 9 0 1 514849 0
-0.973 -7.17243e-07 2.825 1095 11 0 1 514036 0
-0.97 -7.17243e-07 2.825 1097 9 0 1 515073 0
-0.967 -7.17243e-07 2.825 1098 11 0 1 513914 0
-0.964 -7.17243e-07 2.825 1099 8 0 1 514743 0
-0.961 -7.17243e-07 2.825 1101 6 0 1 514246 0
-0.958 -7.17243e-07 2.825 1102 5 0 1 514920 0
-0.955 -7.17243e-07 2.825 1103 8 0 1 513992 0
-0.952 -7.17243e-07 2.825 1104 6 0 1 515109 0
-0.949 -7.17243e-07 2.825 1106 5 0 1 514195 0
-0.946 -7.17243e-07 2.825 1107 3 0 1 514665 0
-0.943 -7.17243e-07 2.825 1108 7 0 1 514311 0
-0.94 -7.17243e-07 2.825 1110 3 0 1 514578 0
-1.06 -7.17243e-07 2.8375 1114 3 0 1 513566 0
-1.057 -7.17243e-07 2.8375 1115 8 0 1 515255 0
-1.054 -7.17243e-07 2.8375 1117 4 0 1 513659 0
-1.051 -7.17243e-07 2.8375 1118 4 0 1 514590 0
-1.048 -7.17243e-07 2.8375 1119 6 0 1 514289 0
-1.045 -7.17243e-07 2.8375 1121 5 0 1 514634 0
-1.042 -7.17243e-07 2.8375 1122 4 0 1 513987 0
-1.039 -7.17243e-07 2.8375 1123 10 0 1 514915 0
-1.036 -7.17243e-07 2.8375 1124 12 0 1 514418 0
-1.033 -7.17243e-07 2.8375 1126 16 0 1 514806 0
-1.03 -7.17243e-07 2.8375 1127 18 0 1 515014 0
-1.027 -7.17243e-07 2.8375 1128 29 0 1 514945 0
-1.024 -7.17243e-07 2.8375 1129 20 0 1 514910 0
-1.021 -7.17243e-07 2.8375 1131 21 0 1 515148 0
-1.018 -7.17243e-07 2.8375 1132 22 0 1 515591 0
-1.015 -7.17243e-07 2.8375 1133 22 0 1 514895 0
-1.012 -7.17243e-07 2.8375 1135 14 0 1 515214 0
-1.009 -7.17243e-07 2.8375 1136 14 0 1 514755 0
-1.006 -7.17243e-07 2.8375 1137 20 0 1 515197 0
-1.003 -7.17243e-07 2.8375 1138 33 0 1 514767 0
-1 -7.17243e-07 2.8375 1140 83 0 1 515758 0
-0.997 -7.17243e-07 2.8375 1141 380 0 1 514579 0
-0.994 -7.17243e-07 2.8375 1142 394 0 1 515222 0
-0.991 -7.17243e-07 2.8375 1144 72 0 1 514427 0
-0.988 -7.17243e-07 2.8375 1145 14 0 1 514958 0
-0.985 -7.17243e-07 2.8375 1146 20 0 1 514139 0
-0.982 -7.17243e-07 2.8375 1147 16 0 1 514474 0
-0.979 -7.17243e-07 2.8375 1149 15 0 1 514450 0
-0.976 -7.17243e-07 2.8375 1150 21 0 1 514020 0
-0.973 -7.17243e-07 2.8375 1151 15 0 1 514428 0
-0.97 -7.17243e-07 2.8375 1152 23 0 1 513898 0
-0.967 -7.17243e-07 2.8375 1154 19 0 1 514586 0
-0.964 -7.17243e-07 2.8375 1155 13 0 1 514152 0
-0.961 -7.17243e-07 2.8375 1156 14 0 1 513822 0
-0.958 -7.17243e-07 2.8375 1158 18 0 1 514236 0
-0.955 -7.17243e-07 2.8375 1159 8 0 1 513967 0
-0.952 -7.17243e-07 2.8375 1160 4 0 1 514156 0
-0.949 -7.17243e-07 2.8375 1161 4 0 1 513971 0
-0.946 -7.17243e-07 2.8375 1163 5 0 1 513614 0
-0.943 -7.17243e-07 2.8375 1164 3 0 1 514008 0
-0.94 -7.17243e-07 2.8375 1165 6 0 1 513515 0
-1.06 -7.17243e-07 2.85 1170 5 0 1 513677 0
-1.057 -7.17243e-07 2.85 1171 2 0 1 513395 0
-1.054 -7.17243e-07 2.85 1172 6 0 1 513963 0
-1.051 -7.17243e-07 2.85 1174 11 0 1 513991 0
-1.048 -7.17243e-07 2.85 1175 5 0 1 513741 0
-1.045 -7.17243e-07 2.85 1176 8 0 1 515041 0
-1.042 -7.17243e-07 2.85 1178 10 0 1 514379 0
-1.039 -7.17243e-07 2.85 1179 19 0 1 514686 0
-1.036 -7.17243e-07 2.85 1180 20 0 1 514657 0
-1.033 -7.17243e-07 2.85 1181 23 0 1 515054 0
-1.03 -7.17243e-07 2.85 1183 24 0 1 514030 0
-1.027 -7.17243e-07 2.85 1184 35 0 1 515246 0
-1.024 -7.17243e-07 2.85 1185 33 0 1 514224 0
-1.021 -7.17243e-07 2.85 1186 39 0 1 514682 0
-1.018 -7.17243e-07 2.85 1188 29 0 1 514252 0
-1.015 -7.17243e-07 2.85 1189 25 0 1 515269 0
-1.012 -7.17243e-07 2.85 1190 29 0 1 513926 0
-1.009 -7.17243e-07 2.85 1192 21 0 1 514976 0
-1.006 -7.17243e-07 2.85 1193 18 0 1 514286 0
-1.003 -7.17243e-07 2.85 1194 39 0 1 514748 0
-1 -7.17243e-07 2.85 1195 126 0 1 514297 0
-0.997 -7.17243e-07 2.85 1197 558 0 1 514699 0
-0.994 -7.17243e-07 2.85 1198 517 0 1 514404 0
-0.991 -7.17243e-07 2.85 1199 91 0 1 514446 0
-0.988 -7.17243e-07 2.85 1201 28 0 1 514898 0
-0.985 -7.17243e-07 2.85 1202 21 0 1 514157 0
-0.982 -7.17243e-07 2.85 1203 17 0 1 514671 0
-0.979 -7.17243e-07 2.85 1204 21 0 1 514054 0
-0.976 -7.17243e-07 2.85 1206 18 0 1 515013 0
-0.973 -7.17243e-07 2.85 1207 19 0 1 514257 0
-0.97 -7.17243e-07 2.85 1208 28 0 1 514489 0
-0.967 -7.17243e-07 2.85 1209 33 0 1 514548 0
-0.964 -7.17243e-07 2.85 1211 31 0 1 514395 0
-0.961 -7.17243e-07 2.85 1212 28 0 1 514722 0
-0.958 -7.17243e-07 2.85 1213 28 0 1 514413 0
-0.955 -7.17243e-07 2.85 1215 17 0 1 515347 0
-0.952 -7.17243e-07 2.85 1216 9 0 1 514835 0
-0.949 -7.17243e-07 2.85 1217 10 0 1 514906 0
-0.946 -7.17243e-07 2.85 1218 6 0 1 514863 0
-0.943 -7.17243e-07 2.85 1220 7 0 1 514854 0
-0.94 -7.17243e-07 2.85 1221 7 0 1 515570 0
-1.06 -7.17243e-07 2.8625 1225 6 0 1 514954 0
-1.057 -7.17243e-07 2.8625 1227 6 0 1 515228 0
-1.054 -7.17243e-07 2.8625 1228 6 0 1 514778 0
-1.051 -7.17243e-07 2.8625 1229 6 0 1 515219 0
-1.048 -7.17243e-07 2.8625 1231 7 0 1 515348 0
-1.045 -7.17243e-07 2.8625 1232 5 0 1 515421 0
-1.042 -7.17243e-07 2.8625 1233 4 0 1 515791 0
-1.039 -7.17243e-07 2.8625 1234 9 0 1 515905 0
-1.036 -7.17243e-07 2.8625 1236 12 0 1 515456 0
-1.033 -7.17243e-07 2.8625 1237 19 0 1 515712 0
-1.03 -7.17243e-07 2.8625 1238 34 0 1 515196 0
-1.027 -7.17243e-07 2.8625 1240 30 0 1 515176 0
-1.024 -7.17243e-07 2.8625 1241 40 0 1 514639 0
-1.021 -7.17243e-07 2.8625 1242 29 0 1 515797 0
-1.018 -7.17243e-07 2.8625 1243 34 0 1 514302 0
-1.015 -7.17243e-07 2.8625 1245 18 0 1 515153 0
-1.012 -7.17243e-07 2.8625 1246 20 0 1 514616 0
-1.009 -7.17243e-07 2.8625 1247 13 0 1 514966 0
-1.006 -7.17243e-07 2.8625 1248 13 0 1 514169 0
-1.003 -7.17243e-07 2.8625 1250 17 0 1 514452 0
-1 -7.17243e-07 2.8625 1251 82 0 1 514609 0
-0.997 -7.17243e-07 2.8625 1252 464 0 1 514099 0
-0.994 -7.17243e-07 2.8625 1254 344 0 1 514299 0
-0.991 -7.17243e-07 2.8625 1255 62 0 1 514082 0
-0.988 -7.17243e-07 2.8625 1256 20 0 1 514309 0
-0.985 -7.17243e-07 2.8625 1257 17 0 1 514438 0
-0.982 -7.17243e-07 2.8625 1259 16 0 1 513838 0
-0.979 -7.17243e-07 2.8625 1260 14 0 1 514487 0
-0.976 -7.17243e-07 2.8625 1261 15 0 1 514367 0
-0.973 -7.17243e-07 2.8625 1263 15 0 1 514484 0
-0.97 -7.17243e-07 2.8625 1264 20 0 1 514480 0
-0.967 -7.17243e-07 2.8625 1265 20 0 1 514164 0
-0.964 -7.17243e-07 2.8625 1266 36 0 1 514907 0
-0.961 -7.17243e-07 2.8625 1268 30 0 1 514631 0
-0.958 -7.17243e-07 2.8625 1269 21 0 1 514892 0
-0.955 -7.17243e-07 2.8625 1270 10 0 1 514697 0
-0.952 -7.17243e-07 2.8625 1272 15 0 1 514865 0
-0.949 -7.17243e-07 2.8625 1273 9 0 1 515236 0
-0.946 -7.17243e-07 2.8625 1274 10 0 1 514484 0
-0.943 -7.17243e-07 2.8625 1275 3 0 1 514843 0
-0.94 -7.17243e-07 2.8625 1277 6 0 1 514749 0
-1.06 -7.17243e-07 2.875 1281 11 0 1 514525 0
-1.057 -7.17243e-07 2.875 1282 4 0 1 514231 0
-1.054 -7.17243e-07 2.875 1284 5 0 1 515100 0
-1.051 -7.17243e-07 2.875 1285 4 0 1 514471 0
-1.048 -7.17243e-07 2.875 1286 6 0 1 514394 0
-1.045 -7.17243e-07 2.875 1288 8 0 1 514613 0
-1.042 -7.17243e-07 2.875 1289 10 0 1 514300 0
-1.039 -7.17243e-07 2.875 1290 10 0 1 514405 0
-1.036 -7.17243e-07 2.875 1291 8 0 1 514445 0
-1.033 -7.17243e-07 2.875 1293 9 0 1 514424 0
-1.03 -7.17243e-07 2.875 1294 20 0 1 514016 0
-1.027 -7.17243e-07 2.875 1295 26 0 1 514577 0
-1.024 -7.17243e-07 2.875 1296 18 0 1 514133 0
-1.021 -7.17243e-07 2.875 1298 13 0 1 514347 0
-1.018 -7.17243e-07 2.875 1299 19 0 1 514338 0
-1.015 -7.17243e-07 2.875 1300 13 0 1 514812 0
-1.012 -7.17243e-07 2.875 1302 8 0 1 514083 0
-1.009 -7.17243e-07 2.875 1303 14 0 1 514823 0
-1.006 -7.17243e-07 2.875 1304 12 0 1 514004 0
-1.003 -7.17243e-07 2.875 1305 13 0 1 514626 0
-1 -7.17243e-07 2.875 1307 35 0 1 514073 0
-0.997 -7.17243e-07 2.875 1308 263 0 1 514500 0
-0.994 -7.17243e-07 2.875 1309 177 0 1 514451 0
-0.991 -7.17243e-07 2.875 1310 34 0 1 514060 0
-0.988 -7.17243e-07 2.875 1312 13 0 1 514639 0
-0.985 -7.17243e-07 2.875 1313 15 0 1 514238 0
-0.982 -7.17243e-07 2.875 1314 15 0 1 514736 0
-0.979 -7.17243e-07 2.875 1316 5 0 1 514183 0
-0.976 -7.17243e-07 2.875 1317 6 0 1 514532 0
-0.973 -7.17243e-07 2.875 1318 11 0 1 514928 0
-0.97 -7.17243e-07 2.875 1319 16 0 1 514210 0
-0.967 -7.17243e-07 2.875 1321 20 0 1 514651 0
-0.964 -7.17243e-07 2.875 1322 18 0 1 514747 0
-0.961 -7.17243e-07 2.875 1323 11 0 1 514865 0
-0.958 -7.17243e-07 2.875 1325 16 0 1 515159 0
-0.955 -7.17243e-07 2.875 1326 3 0 1 514536 0
-0.952 -7.17243e-07 2.875 1327 5 0 1 515345 0
-0.949 -7.17243e-07 2.875 1328 6 0 1 514740 0
-0.946 -7.17243e-07 2.875 1330 9 0 1 515352 0
-0.943 -7.17243e-07 2.875 1331 4 0 1 515046 0
-0.94 -7.17243e-07 2.875 1332 10 0 1 515155 0
-1.06 -7.17243e-07 2.8875 1337 7 0 1 515359 0
-1.057 -7.17243e-07 2.8875 1338 4 0 1 515166 0
-1.054 -7.17243e-07 2.8875 1339 10 0 1 515530 0
-1.051 -7.17243e-07 2.8875 1341 5 0 1 514970 0
-1.048 -7.17243e-07 2.8875 1342 3 0 1 515604 0
-1.045 -7.17243e-07 2.8875 1343 2 0 1 514765 0
-1.042 -7.17243e-07 2.8875 1344 1 0 1 515148 0
-1.039 -7.17243e-07 2.8875 1346 9 0 1 515435 0
-1.036 -7.17243e-07 2.8875 1347 3 0 1 515055 0
-1.033 -7.17243e-07 2.8875 1348 6 0 1 515516 0
-1.03 -7.17243e-07 2.8875 1349 4 0 1 515067 0
-1.027 -7.17243e-07 2.8875 1351 9 0 1 515291 0
-1.024 -7.17243e-07 2.8875 1352 13 0 1 515271 0
-1.021 -7.17243e-07 2.8875 1353 5 0 1 514830 0
-1.018 -7.17243e-07 2.8875 1355 4 0 1 515553 0
-1.015 -7.17243e-07 2.8875 1356 6 0 1 515228 0
-1.012 -7.17243e-07 2.8875 1357 5 0 1 515592 0
-1.009 -7.17243e-07 2.8875 1358 7 0 1 514987 0
-1.006 -7.17243e-07 2.8875 1360 6 0 1 515810 0
-1.003 -7.17243e-07 2.8875 1361 6 0 1 514537 0
-1 -7.17243e-07 2.8875 1362 18 0 1 516083 0
-0.997 -7.17243e-07 2.8875 1364 86 0 1 514887 0
-0.994 -7.17243e-07 2.8875 1365 61 0 1 515479 0
-0.991 -7.17243e-07 2.8875 1366 10 0 1 514864 0
-0.988 -7.17243e-07 2.8875 1367 6 0 1 515363 0
-0.985 -7.17243e-07 2.8875 1369 3 0 1 514041 0
-0.982 -7.17243e-07 2.8875 1370 6 0 1 514801 0
-0.979 -7.17243e-07 2.8875 1371 4 0 1 514721 0
-0.976 -7.17243e-07 2.8875 1372 7 0 1 514583 0
-0.973 -7.17243e-07 2.8875 1374 5 0 1 514597 0
-0.97 -7.17243e-07 2.8875 1375 11 0 1 513919 0
-0.967 -7.17243e-07 2.8875 1376 7 0 1 514530 0
-0.964 -7.17243e-07 2.8875 1378 5 0 1 514121 0
-0.961 -7.17243e-07 2.8875 1379 12 0 1 514399 0
-0.958 -7.17243e-07 2.8875 1380 6 0 1 514590 0
-0.955 -7.17243e-07 2.8875 1381 12 0 1 514492 0
-0.952 -7.17243e-07 2.8875 1383 9 0 1 514809 0
-0.949 -7.17243e-07 2.8875 1384 7 0 1 514416 0
-0.946 -7.17243e-07 2.8875 1385 7 0 1 514656 0
-0.943 -7.17243e-07 2.8875 1387 6 0 1 514742 0
-0.94 -7.17243e-07 2.8875 1388 5 0 1 514408 0
-1.06 -7.17243e-07 2.9 1392 4 0 1 514538 0
-1.057 -7.17243e-07 2.9 1394 4 0 1 514042 0
-1.054 -7.17243e-07 2.9 1395 4 0 1 514593 0
-1.051 -7.17243e-07 2.9 1396 2 0 1 514224 0
-1.048 -7.17243e-07 2.9 1397 5 0 1 514164 0
-1.045 -7.17243e-07 2.9 1399 5 0 1 514641 0
-1.042 -7.17243e-07 2.9 1400 7 0 1 514036 0
-1.039 -7.17243e-07 2.9 1401 8 0 1 514780 0
-1.036 -7.17243e-07 2.9 1403 2 0 1 514040 0
-1.033 -7.17243e-07 2.9 1404 2 0 1 514416 0
-1.03 -7.17243e-07 2.9 1405 3 0 1 514413 0
-1.027 -7.17243e-07 2.9 1406 13 0 1 514049 0
-1.024 -7.17243e-07 2.9 1408 7 0 1 514743 0
-1.021 -7.17243e-07 2.9 1409 11 0 1 514593 0
-1.018 -7.17243e-07 2.9 1410 3 0 1 514568 0
-1.015 -7.17243e-07 2.9 1412 7 0 1 514571 0
-1.012 -7.17243e-07 2.9 1413 7 0 1 515026 0
-1.009 -7.17243e-07 2.9 1414 6 0 1 514501 0
-1.006 -7.17243e-07 2.9 1415 4 0 1 514974 0
-1.003 -7.17243e-07 2.9 1417 7 0 1 514739 0
-1 -7.17243e-07 2.9 1418 14 0 1 514885 0
-0.997 -7.17243e-07 2.9 1419 49 0 1 514807 0
-0.994 -7.17243e-07 2.9 1420 25 0 1 515659 0
-0.991 -7.17243e-07 2.9 1422 12 0 1 514694 0
-0.988 -7.17243e-07 2.9 1423 8 0 1 515448 0
-0.985 -7.17243e-07 2.9 1424 5 0 1 514928 0
-0.982 -7.17243e-07 2.9 1426 3 0 1 515448 0
-0.979 -7.17243e-07 2.9 1427 7 0 1 514892 0
-0.976 -7.17243e-07 2.9 1428 8 0 1 514933 0
-0.973 -7.17243e-07 2.9 1429 7 0 1 515344 0
-0.97 -7.17243e-07 2.9 1431 3 0 1 514846 0
-0.967 -7.17243e-07 2.9 1432 10 0 1 515217 0
-0.964 -7.17243e-07 2.9 1433 7 0 1 514819 0
-0.961 -7.17243e-07 2.9 1435 5 0 1 514972 0
-0.958 -7.17243e-07 2.9 1436 5 0 1 515362 0
-0.955 -7.17243e-07 2.9 1437 5 0 1 514732 0
-0.952 -7.17243e-07 2.9 1438 8 0 1 515285 0
-0.949 -7.17243e-07 2.9 1440 1 0 1 514880 0
-0.946 -7.17243e-07 2.9 1441 5 0 1 515142 0
-0.943 -7.17243e-07 2.9 1442 4 0 1 515002 0
-0.94 -7.17243e-07 2.9 1444 1 0 1 514676 0
-1.06 -7.17243e-07 2.9125 1448 2 0 1 515255 0
-1.057 -7.17243e-07 2.9125 1449 7 0 1 514346 0
-1.054 -7.17243e-07 2.9125 1451 4 0 1 514743 0
-1.051 -7.17243e-07 2.9125 1452 5 0 1 514709 0
-1.048 -7.17243e-07 2.9125 1453 7 0 1 514778 0
-1.045 -7.17243e-07 2.9125 1454 2 0 1 515356 0
-1.042 -7.17243e-07 2.9125 1456 3 0 1 514974 0
-1.039 -7.17243e-07 2.9125 1457 6 0 1 515615 0
-1.036 -7.17243e-07 2.9125 1458 6 0 1 515248 0
-1.033 -7.17243e-07 2.9125 1459 5 0 1 515171 0
-1.03 -7.17243e-07 2.9125 1461 7 0 1 515348 0
-1.027 -7.17243e-07 2.9125 1462 6 0 1 514864 0
-1.024 -7.17243e-07 2.9125 1463 11 0 1 515425 0
-1.021 -7.17243e-07 2.9125 1465 2 0 1 514997 0
-1.018 -7.17243e-07 2.9125 1466 8 0 1 515122 0
-1.015 -7.17243e-07 2.9125 1467 3 0 1 515418 0
-1.012 -7.17243e-07 2.9125 1468 12 0 1 514942 0
-1.009 -7.17243e-07 2.9125 1470 7 0 1 515428 0
-1.006 -7.17243e-07 2.9125 1471 10 0 1 514731 0
-1.003 -7.17243e-07 2.9125 1472 6 0 1 514583 0
-1 -7.17243e-07 2.9125 1473 11 0 1 514824 0
-0.997 -7.17243e-07 2.9125 1475 66 0 1 514339 0
-0.994 -7.17243e-07 2.9125 1476 34 0 1 514628 0
-0.991 -7.17243e-07 2.9125 1477 14 0 1 514173 0
-0.988 -7.17243e-07 2.9125 1479 5 0 1 514211 0
-0.985 -7.17243e-07 2.9125 1480 6 0 1 514468 0
-0.982 -7.17243e-07 2.9125 1481 8 0 1 513991 0
-0.979 -7.17243e-07 2.9125 1482 8 0 1 514442 0
-0.976 -7.17243e-07 2.9125 1484 10 0 1 513958 0
-0.973 -7.17243e-07 2.9125 1485 9 0 1 514199 0
-0.97 -7.17243e-07 2.9125 1486 4 0 1 514397 0
-0.967 -7.17243e-07 2.9125 1488 10 0 1 513687 0
-0.964 -7.17243e-07 2.9125 1489 7 0 1 514610 0
-0.961 -7.17243e-07 2.9125 1490 6 0 1 513679 0
-0.958 -7.17243e-07 2.9125 1491 10 0 1 514085 0
-0.955 -7.17243e-07 2.9125 1493 3 0 1 513951 0
-0.952 -7.17243e-07 2.9125 1494 8 0 1 513991 0
-0.949 -7.17243e-07 2.9125 1495 9 0 1 514522 0
-0.946 -7.17243e-07 2.9125 1496 3 0 1 513621 0
-0.943 -7.17243e-07 2.9125 1498 4 0 1 514010 0
-0.94 -7.17243e-07 2.9125 1499 3 0 1 513888 0
-1.06 -7.17243e-07 2.925 1503 6 0 1 514089 0
-1.057 -7.17243e-07 2.925 1505 2 0 1 514782 0
-1.054 -7.17243e-07 2.925 1506 1 0 1 514270 0
-1.051 -7.17243e-07 2.925 1507 5 0 1 514778 0
-1.048 -7.17243e-07 2.925 1509 3 0 1 514828 0
-1.045 -7.17243e-07 2.925 1510 6 0 1 514728 0
-1.042 -7.17243e-07 2.925 1511 4 0 1 514869 0
-1.039 -7.17243e-07 2.925 1512 4 0 1 514723 0
-1.036 -7.17243e-07 2.925 1514 5 0 1 514872 0
-1.033 -7.17243e-07 2.925 1515 3 0 1 514118 0
-1.03 -7.17243e-07 2.925 1516 11 0 1 514855 0
-1.027 -7.17243e-07 2.925 1518 9 0 1 515210 0
-1.024 -7.17243e-07 2.925 1519 3 0 1 515224 0
-1.021 -7.17243e-07 2.925 1520 5 0 1 515834 0
-1.018 -7.17243e-07 2.925 1521 6 0 1 515615 0
-1.015 -7.17243e-07 2.925 1523 6 0 1 516459 0
-1.012 -7.17243e-07 2.925 1524 7 0 1 516720 0
-1.009 -7.17243e-07 2.925 1525 7 0 1 516758 0
-1.006 -7.17243e-07 2.925 1526 6 0 1 517663 0
-1.003 -7.17243e-07 2.925 1528 9 0 1 517293 0
-1 -7.17243e-07 2.925 1529 7 0 1 517835 0
-0.997 -7.17243e-07 2.925 1530 39 0 1 517632 0
-0.994 -7.17243e-07 2.925 1532 37 0 1 518063 0
-0.991 -7.17243e-07 2.925 1533 6 0 1 518207 0
-0.988 -7.17243e-07 2.925 1534 3 0 1 517650 0
-0.985 -7.17243e-07 2.925 1535 6 0 1 517885 0
-0.982 -7.17243e-07 2.925 1537 3 0 1 517649 0
-0.979 -7.17243e-07 2.925 1538 2 0 1 517585 0
-0.976 -7.17243e-07 2.925 1539 7 0 1 518060 0
-0.973 -7.17243e-07 2.925 1541 4 0 1 517255 0
-0.97 -7.17243e-07 2.925 1542 10 0 1 517785 0
-0.967 -7.17243e-07 2.925 1543 12 0 1 517890 0
-0.964 -7.17243e-07 2.925 1544 5 0 1 518031 0
-0.961 -7.17243e-07 2.925 1546 7 0 1 518433 0
-0.958 -7.17243e-07 2.925 1547 5 0 1 517989 0
-0.955 -7.17243e-07 2.925 1548 9 0 1 518632 0
-0.952 -7.17243e-07 2.925 1549 9 0 1 518484 0
-0.949 -7.17243e-07 2.925 1551 6 0 1 518736 0
-0.946 -7.17243e-07 2.925 1552 5 0 1 518711 0
-0.943 -7.17243e-07 2.925 1553 5 0 1 518695 0
-0.94 -7.17243e-07 2.925 1555 7 0 1 519148 0
-1.06 -7.17243e-07 2.9375 1559 2 0 1 519192 0
-1.057 -7.17243e-07 2.9375 1560 9 0 1 519659 0
-1.054 -7.17243e-07 2.9375 1562 6 0 1 519926 0
-1.051 -7.17243e-07 2.9375 1563 9 0 1 519708 0
-1.048 -7.17243e-07 2.9375 1564 7 0 1 520008 0
-1.045 -7.17243e-07 2.9375 1565 2 0 1 519907 0
-1.042 -7.17243e-07 2.9375 1567 5 0 1 520302 0
-1.039 -7.17243e-07 2.9375 1568 5 0 1 520041 0
-1.036 -7.17243e-07 2.9375 1569 6 0 1 519892 0
-1.033 -7.17243e-07 2.9375 1570 2 0 1 520321 0
-1.03 -7.17243e-07 2.9375 1572 10 0 1 519955 0
-1.027 -7.17243e-07 2.9375 1573 6 0 1 520258 0
-1.024 -7.17243e-07 2.9375 1574 10 0 1 519632 0
-1.021 -7.17243e-07 2.9375 1576 2 0 1 519751 0
-1.018 -7.17243e-07 2.9375 1577 4 0 1 520423 0
-1.015 -7.17243e-07 2.9375 1578 5 0 1 519492 0
-1.012 -7.17243e-07 2.9375 1579 5 0 1 520137 0
-1.009 -7.17243e-07 2.9375 1581 7 0 1 520079 0
-1.006 -7.17243e-07 2.9375 1582 4 0 1 520315 0
-1.003 -7.17243e-07 2.9375 1583 7 0 1 520417 0
-1 -7.17243e-07 2.9375 1584 6 0 1 520067 0
-0.997 -7.17243e-07 2.9375 1586 43 0 1 520802 0
-0.994 -7.17243e-07 2.9375 1587 44 0 1 520509 0
-0.991 -7.17243e-07 2.9375 1588 4 0 1 520629 0
-0.988 -7.17243e-07 2.9375 1590 3 0 1 520640 0
-0.985 -7.17243e-07 2.9375 1591 7 0 1 520283 0
-0.982 -7.17243e-07 2.9375 1592 8 0 1 520816 0
-0.979 -7.17243e-07 2.9375 1593 6 0 1 520389 0
-0.976 -7.17243e-07 2.9375 1595 3 0 1 520634 0
-0.973 -7.17243e-07 2.9375 1596 3 0 1 520858 0
-0.97 -7.17243e-07 2.9375 1597 1 0 1 520616 0
-0.967 -7.17243e-07 2.9375 1599 6 0 1 521048 0
-0.964 -7.17243e-07 2.9375 1600 7 0 1 520505 0
-0.961 -7.17243e-07 2.9375 1601 2 0 1 521098 0
-0.958 -7.17243e-07 2.9375 1602 7 0 1 521053 0
-0.955 -7.17243e-07 2.9375 1604 2 0 1 521025 0
-0.952 -7.17243e-07 2.9375 1605 3 0 1 521486 0
-0.949 -7.17243e-07 2.9375 1606 4 0 1 521305 0
-0.946 -7.17243e-07 2.9375 1607 5 0 1 521828 0
-0.943 -7.17243e-07 2.9375 1609 4 0 1 521091 0
-0.94 -7.17243e-07 2.9375 1610 6 0 1 521109 0
-1.06 -7.17243e-07 2.95 1614 8 0 1 521948 0
-1.057 -7.17243e-07 2.95 1616 9 0 1 521645 0
-1.054 -7.17243e-07 2.95 1617 8 0 1 522018 0
-1.051 -7.17243e-07 2.95 1618 5 0 1 521693 0
-1.048 -7.17243e-07 2.95 1620 9 0 1 522228 0
-1.045 -7.17243e-07 2.95 1621 10 0 1 522625 0
-1.042 -7.17243e-07 2.95 1622 11 0 1 522097 0
-1.039 -7.17243e-07 2.95 1623 12 0 1 522984 0
-1.036 -7.17243e-07 2.95 1625 8 0 1 522939 0
-1.033 -7.17243e-07 2.95 1626 5 0 1 523217 0
-1.03 -7.17243e-07 2.95 1627 6 0 1 523395 0
-1.027 -7.17243e-07 2.95 1628 9 0 1 522992 0
-1.024 -7.17243e-07 2.95 1630 6 0 1 524069 0
-1.021 -7.17243e-07 2.95 1631 8 0 1 523487 0
-1.018 -7.17243e-07 2.95 1632 12 0 1 523816 0
-1.015 -7.17243e-07 2.95 1634 5 0 1 524122 0
-1.012 -7.17243e-07 2.95 1635 9 0 1 523842 0
-1.009 -7.17243e-07 2.95 1636 9 0 1 524554 0
-1.006 -7.17243e-07 2.95 1637 7 0 1 523944 0
-1.003 -7.17243e-07 2.95 1639 7 0 1 524443 0
-1 -7.17243e-07 2.95 1640 2 0 1 524720 0
-0.997 -7.17243e-07 2.95 1641 69 0 1 524546 0
-0.994 -7.17243e-07 2.95 1642 70 0 1 524889 0
-0.991 -7.17243e-07 2.95 1644 17 0 1 524615 0
-0.988 -7.17243e-07 2.95 1645 4 0 1 525377 0
-0.985 -7.17243e-07 2.95 1646 6 0 1 525526 0
-0.982 -7.17243e-07 2.95 1648 6 0 1 525200 0
-0.979 -7.17243e-07 2.95 1649 11 0 1 525673 0
-0.976 -7.17243e-07 2.95 1650 6 0 1 525201 0
-0.973 -7.17243e-07 2.95 1651 6 0 1 525355 0
-0.97 -7.17243e-07 2.95 1653 7 0 1 525361 0
-0.967 -7.17243e-07 2.95 1654 7 0 1 525370 0
-0.964 -7.17243e-07 2.95 1655 5 0 1 525997 0
-0.961 -7.17243e-07 2.95 1656 4 0 1 525573 0
-0.958 -7.17243e-07 2.95 1658 5 0 1 526092 0
-0.955 -7.17243e-07 2.95 1659 6 0 1 526078 0
-0.952 -7.17243e-07 2.95 1660 4 0 1 525848 0
-0.949 -7.17243e-07 2.95 1662 4 0 1 526483 0
-0.946 -7.17243e-07 2.95 1663 4 0 1 525764 0
-0.943 -7.17243e-07 2.95 1664 6 0 1 525811 0
-0.94 -7.17243e-07 2.95 1665 4 0 1 526109 0
-1.06 -7.17243e-07 2.9625 1670 6 0 1 525536 0
-1.057 -7.17243e-07 2.9625 1671 4 0 1 525898 0
-1.054 -7.17243e-07 2.9625 1672 9 0 1 525359 0
-1.051 -7.17243e-07 2.9625 1674 4 0 1 525353 0
-1.048 -7.17243e-07 2.9625 1675 8 0 1 525881 0
-1.045 -7.17243e-07 2.9625 1676 9 0 1 525002 0
-1.042 -7.17243e-07 2.9625 1677 6 0 1 525352 0
-1.039 -7.17243e-07 2.9625 1679 9 0 1 525110 0
-1.036 -7.17243e-07 2.9625 1680 9 0 1 524727 0
-1.033 -7.17243e-07 2.9625 1681 4 0 1 525408 0
-1.03 -7.17243e-07 2.9625 1683 9 0 1 524670 0
-1.027 -7.17243e-07 2.9625 1684 8 0 1 525217 0
-1.024 -7.17243e-07 2.9625 1685 6 0 1 525443 0
-1.021 -7.17243e-07 2.9625 1686 9 0 1 525196 0
-1.018 -7.17243e-07 2.9625 1688 5 0 1 525834 0
-1.015 -7.17243e-07 2.9625 1689 6 0 1 525107 0
-1.012 -7.17243e-07 2.9625 1690 11 0 1 525343 0
-1.009 -7.17243e-07 2.9625 1691 9 0 1 525478 0
-1.006 -7.17243e-07 2.9625 1693 12 0 1 524888 0
-1.003 -7.17243e-07 2.9625 1694 5 0 1 525611 0
-1 -7.17243e-07 2.9625 1695 11 0 1 524943 0
-0.997 -7.17243e-07 2.9625 1696 114 0 1 525106 0
-0.994 -7.17243e-07 2.9625 1698 139 0 1 525358 0
-0.991 -7.17243e-07 2.9625 1699 27 0 1 524553 0
-0.988 -7.17243e-07 2.9625 1700 13 0 1 525088 0
-0.985 -7.17243e-07 2.9625 1702 8 0 1 524763 0
-0.982 -7.17243e-07 2.9625 1703 9 0 1 524763 0
-0.979 -7.17243e-07 2.9625 1704 6 0 1 524874 0
-0.976 -7.17243e-07 2.9625 1705 10 0 1 524136 0
-0.973 -7.17243e-07 2.9625 1707 2 0 1 524850 0
-0.97 -7.17243e-07 2.9625 1708 5 0 1 524704 0
-0.967 -7.17243e-07 2.9625 1709 10 0 1 524726 0
-0.964 -7.17243e-07 2.9625 1711 4 0 1 525071 0
-0.961 -7.17243e-07 2.9625 1712 9 0 1 524440 0
-0.958 -7.17243e-07 2.9625 1713 7 0 1 525134 0
-0.955 -7.17243e-07 2.9625 1714 3 0 1 524799 0
-0.952 -7.17243e-07 2.9625 1716 7 0 1 524523 0
-0.949 -7.17243e-07 2.9625 1717 3 0 1 525059 0
-0.946 -7.17243e-07 2.9625 1718 2 0 1 524618 0
-0.943 -7.17243e-07 2.9625 1719 7 0 1 524887 0
-0.94 -7.17243e-07 2.9625 1721 8 0 1 524577 0
-1.06 -7.17243e-07 2.975 1725 8 0 1 525055 0
-1.057 -7.17243e-07 2.975 1726 9 0 1 525710 0
-1.054 -7.17243e-07 2.975 1728 8 0 1 525136 0
-1.051 -7.17243e-07 2.975 1729 7 0 1 525518 0
-1.048 -7.17243e-07 2.975 1730 14 0 1 525437 0
-1.045 -7.17243e-07 2.975 1732 20 0 1 525113 0
-1.042 -7.17243e-07 2.975 1733 10 0 1 525464 0
-1.039 -7.17243e-07 2.975 1734 10 0 1 524835 0
-1.036 -7.17243e-07 2.975 1735 13 0 1 525406 0
-1.033 -7.17243e-07 2.975 1737 18 0 1 525410 0
-1.03 -7.17243e-07 2.975 1738 12 0 1 524546 0
-1.027 -7.17243e-07 2.975 1739 16 0 1 525224 0
-1.024 -7.17243e-07 2.975 1741 17 0 1 524876 0
-1.021 -7.17243e-07 2.975 1742 15 0 1 524851 0
-1.018 -7.17243e-07 2.975 1743 15 0 1 525093 0
-1.015 -7.17243e-07 2.975 1744 16 0 1 524520 0
-1.012 -7.17243e-07 2.975 1746 20 0 1 525031 0
-1.009 -7.17243e-07 2.975 1747 15 0 1 524890 0
-1.006 -7.17243e-07 2.975 1748 19 0 1 525145 0
-1.003 -7.17243e-07 2.975 1749 11 0 1 525544 0
-1 -7.17243e-07 2.975 1751 24 0 1 524982 0
-0.997 -7.17243e-07 2.975 1752 185 0 1 525925 0
-0.994 -7.17243e-07 2.975 1753 271 0 1 525481 0
-0.991 -7.17243e-07 2.975 1754 29 0 1 525282 0
-0.988 -7.17243e-07 2.975 1756 15 0 1 525376 0
-0.985 -7.17243e-07 2.975 1757 8 0 1 524642 0
-0.982 -7.17243e-07 2.975 1758 10 0 1 524885 0
-0.979 -7.17243e-07 2.975 1760 13 0 1 524448 0
-0.976 -7.17243e-07 2.975 1761 5 0 1 524320 0
-0.973 -7.17243e-07 2.975 1762 9 0 1 524595 0
-0.97 -7.17243e-07 2.975 1763 14 0 1 524258 0
-0.967 -7.17243e-07 2.975 1765 10 0 1 524760 0
-0.964 -7.17243e-07 2.975 1766 19 0 1 523954 0
-0.961 -7.17243e-07 2.975 1767 40 0 1 523879 0
-0.958 -7.17243e-07 2.975 1769 8 0 1 524426 0
-0.955 -7.17243e-07 2.975 1770 4 0 1 524058 0
-0.952 -7.17243e-07 2.975 1771 5 0 1 524561 0
-0.949 -7.17243e-07 2.975 1772 9 0 1 524111 0
-0.946 -7.17243e-07 2.975 1774 3 0 1 524281 0
-0.943 -7.17243e-07 2.975 1775 6 0 1 524378 0
-0.94 -7.17243e-07 2.975 1776 6 0 1 523454 0
-1.06 -7.17243e-07 2.9875 1781 11 0 1 523756 0
-1.057 -7.17243e-07 2.9875 1782 13 0 1 523455 0
-1.054 -7.17243e-07 2.9875 1783 10 0 1 523321 0
-1.051 -7.17243e-07 2.9875 1784 6 0 1 523312 0
-1.048 -7.17243e-07 2.9875 1786 13 0 1 522685 0
-1.045 -7.17243e-07 2.9875 1787 13 0 1 523177 0
-1.042 -7.17243e-07 2.9875 1788 20 0 1 522570 0
-1.039 -7.17243e-07 2.9875 1790 27 0 1 522722 0
-1.036 -7.17243e-07 2.9875 1791 38 0 1 522599 0
-1.033 -7.17243e-07 2.9875 1792 49 0 1 521971 0
-1.03 -7.17243e-07 2.9875 1793 39 0 1 522303 0
-1.027 -7.17243e-07 2.9875 1795 45 0 1 521693 0
-1.024 -7.17243e-07 2.9875 1796 44 0 1 522033 0
-1.021 -7.17243e-07 2.9875 1797 66 0 1 521765 0
-1.018 -7.17243e-07 2.9875 1799 56 0 1 521350 0
-1.015 -7.17243e-07 2.9875 1800 93 0 1 521715 0
-1.012 -7.17243e-07 2.9875 1801 117 0 1 521257 0
-1.009 -7.17243e-07 2.9875 1802 133 0 1 521861 0
-1.006 -7.17243e-07 2.9875 1804 178 0 1 522203 0
-1.003 -7.17243e-07 2.9875 1805 207 0 1 521631 0
-1 -7.17243e-07 2.9875 1806 231 0 1 521923 0
-0.997 -7.17243e-07 2.9875 1807 599 0 1 521560 0
-0.994 -7.17243e-07 2.9875 1809 872 0 1 521915 0
-0.991 -7.17243e-07 2.9875 1810 181 0 1 521666 0
-0.988 -7.17243e-07 2.9875 1811 81 0 1 521151 0
-0.985 -7.17243e-07 2.9875 1813 61 0 1 521965 0
-0.982 -7.17243e-07 2.9875 1814 54 0 1 521647 0
-0.979 -7.17243e-07 2.9875 1815 80 0 1 522039 0
-0.976 -7.17243e-07 2.9875 1816 25 0 1 521847 0
-0.973 -7.17243e-07 2.9875 1818 13 0 1 522004 0
-0.97 -7.17243e-07 2.9875 1819 12 0 1 522322 0
-0.967 -7.17243e-07 2.9875 1820 22 0 1 521690 0
-0.964 -7.17243e-07 2.9875 1822 12 0 1 522422 0
-0.961 -7.17243e-07 2.9875 1823 11 0 1 522130 0
-0.958 -7.17243e-07 2.9875 1824 8 0 1 522178 0
-0.955 -7.17243e-07 2.9875 1825 12 0 1 522480 0
-0.952 -7.17243e-07 2.9875 1827 4 0 1 521729 0
-0.949 -7.17243e-07 2.9875 1828 7 0 1 523017 0
-0.946 -7.17243e-07 2.9875 1829 9 0 1 522522 0
-0.943 -7.17243e-07 2.9875 1830 9 0 1 522473 0
-0.94 -7.17243e-07 2.9875 1832 4 0 1 522467 0
-1.06 -7.17243e-07 3 1836 10 0 1 522230 0
-1.057 -7.17243e-07 3 1837 5 0 1 522690 0
-1.054 -7.17243e-07 3 1839 6 0 1 522266 0
-1.051 -7.17243e-07 3 1840 9 0 1 522929 0
-1.048 -7.17243e-07 3 1841 6 0 1 522942 0
-1.045 -7.17243e-07 3 1842 8 0 1 522301 0
-1.042 -7.17243e-07 3 1844 6 0 1 522949 0
-1.039 -7.17243e-07 3 1845 8 0 1 522400 0
-1.036 -7.17243e-07 3 1846 12 0 1 522777 0
-1.033 -7.17243e-07 3 1848 12 0 1 522790 0
-1.03 -7.17243e-07 3 1849 13 0 1 522112 0
-1.027 -7.17243e-07 3 1850 30 0 1 523061 0
-1.024 -7.17243e-07 3 1851 20 0 1 522585 0
-1.021 -7.17243e-07 3 1853 23 0 1 522932 0
-1.018 -7.17243e-07 3 1854 62 0 1 522841 0
-1.015 -7.17243e-07 3 1855 75 0 1 522735 0
-1.012 -7.17243e-07 3 1856 117 0 1 523475 0
-1.009 -7.17243e-07 3 1858 239 0 1 522832 0
-1.006 -7.17243e-07 3 1859 513 0 1 523310 0
-1.003 -7.17243e-07 3 1860 1510 0 1 523055 0
-1 -7.17243e-07 3 1862 10285 0 1 522953 0
-0.997 -7.17243e-07 3 1863 527117 0 1 523279 0
-0.994 -7.17243e-07 3 1864 36266 0 1 522245 0
-0.991 -7.17243e-07 3 1865 4865 0 1 522962 0
-0.988 -7.17243e-07 3 1867 1555 0 1 522710 0
-0.985 -7.17243e-07 3 1868 672 0 1 522454 0
-0.982 -7.17243e-07 3 1869 353 0 1 522540 0
-0.979 -7.17243e-07 3 1870 206 0 1 522197 0
-0.976 -7.17243e-07 3 1872 117 0 1 522605 0
-0.973 -7.17243e-07 3 1873 76 0 1 522073 0
-0.97 -7.17243e-07 3 1874 65 0 1 522143 0
-0.967 -7.17243e-07 3 1876 43 0 1 522257 0
-0.964 -7.17243e-07 3 1877 21 0 1 521854 0
-0.961 -7.17243e-07 3 1878 19 0 1 522451 0
-0.958 -7.17243e-07 3 1879 14 0 1 521789 0
-0.955 -7.17243e-07 3 1881 16 0 1 522038 0
-0.952 -7.17243e-07 3 1882 6 0 1 522324 0
-0.949 -7.17243e-07 3 1883 14 0 1 521635 0
-0.946 -7.17243e-07 3 1885 13 0 1 522098 0
-0.943 -7.17243e-07 3 1886 11 0 1 521601 0
-0.94 -7.17243e-07 3 1887 6 0 1 522067 0
-1.06 -7.17243e-07 3.0125 1891 3 0 1 522364 0
-1.057 -7.17243e-07 3.0125 1893 2 0 1 521770 0
-1.054 -7.17243e-07 3.0125 1894 11 0 1 522629 0
-1.051 -7.17243e-07 3.0125 1895 4 0 1 521938 0
-1.048 -7.17243e-07 3.0125 1896 7 0 1 521927 0
-1.045 -7.17243e-07 3.0125 1898 8 0 1 521978 0
-1.042 -7.17243e-07 3.0125 1899 4 0 1 521401 0
-1.039 -7.17243e-07 3.0125 1900 7 0 1 521549 0
-1.036 -7.17243e-07 3.0125 1902 8 0 1 520846 0
-1.033 -7.17243e-07 3.0125 1903 6 0 1 521269 0
-1.03 -7.17243e-07 3.0125 1904 11 0 1 521250 0
-1.027 -7.17243e-07 3.0125 1905 15 0 1 520972 0
-1.024 -7.17243e-07 3.0125 1907 10 0 1 521485 0
-1.021 -7.17243e-07 3.0125 1908 14 0 1 520981 0
-1.018 -7.17243e-07 3.0125 1909 199 0 1 521486 0
-1.015 -7.17243e-07 3.0125 1910 33 0 1 520970 0
-1.012 -7.17243e-07 3.0125 1912 23 0 1 520728 0
-1.009 -7.17243e-07 3.0125 1913 31 0 1 520940 0
-1.006 -7.17243e-07 3.0125 1914 26 0 1 520560 0
-1.003 -7.17243e-07 3.0125 1916 26 0 1 521039 0
-1 -7.17243e-07 3.0125 1917 42 0 1 520615 0
-0.997 -7.17243e-07 3.0125 1918 54 0 1 520954 0
-0.994 -7.17243e-07 3.0125 1919 67 0 1 521193 0
-0.991 -7.17243e-07 3.0125 1921 62 0 1 520430 0
-0.988 -7.17243e-07 3.0125 1922 68 0 1 520766 0
-0.985 -7.17243e-07 3.0125 1923 61 0 1 520394 0
-0.982 -7.17243e-07 3.0125 1924 54 0 1 520834 0
-0.979 -7.17243e-07 3.0125 1926 43 0 1 520777 0
-0.976 -7.17243e-07 3.0125 1927 37 0 1 520198 0
-0.973 -7.17243e-07 3.0125 1928 41 0 1 520803 0
-0.97 -7.17243e-07 3.0125 1930 26 0 1 520536 0
-0.967 -7.17243e-07 3.0125 1931 29 0 1 520786 0
-0.964 -7.17243e-07 3.0125 1932 33 0 1 520708 0
-0.961 -7.17243e-07 3.0125 1933 24 0 1 520714 0
-0.958 -7.17243e-07 3.0125 1935 24 0 1 521305 0
-0.955 -7.17243e-07 3.0125 1936 25 0 1 521100 0
-0.952 -7.17243e-07 3.0125 1937 15 0 1 521385 0
-0.949 -7.17243e-07 3.0125 1939 21 0 1 521024 0
-0.946 -7.17243e-07 3.0125 1940 23 0 1 520596 0
-0.943 -7.17243e-07 3.0125 1941 11 0 1 521034 0
-0.94 -7.17243e-07 3.0125 1942 9 0 1 520308 0
-1.06 -7.17243e-07 3.025 1947 9 0 1 520914 0
-1.057 -7.17243e-07 3.025 1948 6 0 1 520678 0
-1.054 -7.17243e-07 3.025 1949 3 0 1 520503 0
-1.051 -7.17243e-07 3.025 1950 2 0 1 520982 0
-1.048 -7.17243e-07 3.025 1952 7 0 1 520754 0
-1.045 -7.17243e-07 3.025 1953 9 0 1 521193 0
-1.042 -7.17243e-07 3.025 1954 5 0 1 520681 0
-1.039 -7.17243e-07 3.025 1955 7 0 1 520767 0
-1.036 -7.17243e-07 3.025 1957 13 0 1 521492 0
-1.033 -7.17243e-07 3.025 1958 3 0 1 520682 0
-1.03 -7.17243e-07 3.025 1959 9 0 1 521082 0
-1.027 -7.17243e-07 3.025 1961 10 0 1 520423 0
-1.024 -7.17243e-07 3.025 1962 4 0 1 520662 0
-1.021 -7.17243e-07 3.025 1963 7 0 1 520936 0
-1.018 -7.17243e-07 3.025 1964 11 0 1 520165 0
-1.015 -7.17243e-07 3.025 1966 14 0 1 520952 0
-1.012 -7.17243e-07 3.025 1967 4 0 1 520404 0
-1.009 -7.17243e-07 3.025 1968 10 0 1 520596 0
-1.006 -7.17243e-07 3.025 1969 10 0 1 520606 0
-1.003 -7.17243e-07 3.025 1971 11 0 1 520149 0
-1 -7.17243e-07 3.025 1972 7 0 1 520863 0
-0.997 -7.17243e-07 3.025 1973 11 0 1 520303 0
-0.994 -7.17243e-07 3.025 1975 9 0 1 520736 0
-0.991 -7.17243e-07 3.025 1976 4 0 1 521119 0
-0.988 -7.17243e-07 3.025 1977 14 0 1 521090 0
-0.985 -7.17243e-07 3.025 1978 16 0 1 521496 0
-0.982 -7.17243e-07 3.025 1980 14 0 1 520374 0
-0.979 -7.17243e-07 3.025 1981 4 0 1 521268 0
-0.976 -7.17243e-07 3.025 1982 14 0 1 520850 0
-0.973 -7.17243e-07 3.025 1984 12 0 1 520438 0
-0.97 -7.17243e-07 3.025 1985 13 0 1 520734 0
-0.967 -7.17243e-07 3.025 1986 12 0 1 520090 0
-0.964 -7.17243e-07 3.025 1987 10 0 1 520537 0
-0.961 -7.17243e-07 3.025 1989 9 0 1 520202 0
-0.958 -7.17243e-07 3.025 1990 6 0 1 520111 0
-0.955 -7.17243e-07 3.025 1991 8 0 1 520460 0
-0.952 -7.17243e-07 3.025 1992 6 0 1 520222 0
-0.949 -7.17243e-07 3.025 1994 7 0 1 520779 0
-0.946 -7.17243e-07 3.025 1995 7 0 1 520457 0
-0.943 -7.17243e-07 3.025 1996 5 0 1 520908 0
-0.94 -7.17243e-07 3.025 1998 11 0 1 520842 0
-1.06 -7.17243e-07 3.0375 2002 5 0 1 520928 0
-1.057 -7.17243e-07 3.0375 2003 7 0 1 521318 0
-1.054 -7.17243e-07 3.0375 2004 4 0 1 520478 0
-1.051 -7.17243e-07 3.0375 2006 3 0 1 520724 0
-1.048 -7.17243e-07 3.0375 2007 7 0 1 520449 0
-1.045 -7.17243e-07 3.0375 2008 6 0 1 520151 0
-1.042 -7.17243e-07 3.0375 2009 0 0 1 520221 0
-1.039 -7.17243e-07 3.0375 2011 9 0 1 519426 0
-1.036 -7.17243e-07 3.0375 2012 6 0 1 519832 0
-1.033 -7.17243e-07 3.0375 2013 4 0 1 519384 0
-1.03 -7.17243e-07 3.0375 2015 9 0 1 519226 0
-1.027 -7.17243e-07 3.0375 2016 11 0 1 519564 0
-1.024 -7.17243e-07 3.0375 2017 3 0 1 519092 0
-1.021 -7.17243e-07 3.0375 2018 8 0 1 519706 0
-1.018 -7.17243e-07 3.0375 2020 5 0 1 518970 0
-1.015 -7.17243e-07 3.0375 2021 5 0 1 519090 0
-1.012 -7.17243e-07 3.0375 2022 7 0 1 519224 0
-1.009 -7.17243e-07 3.0375 2023 7 0 1 518950 0
-1.006 -7.17243e-07 3.0375 2025 8 0 1 519172 0
-1.003 -7.17243e-07 3.0375 2026 8 0 1 518268 0
-1 -7.17243e-07 3.0375 2027 4 0 1 518481 0
-0.997 -7.17243e-07 3.0375 2029 8 0 1 518311 0
-0.994 -7.17243e-07 3.0375 2030 6 0 1 518059 0
-0.991 -7.17243e-07 3.0375 2031 7 0 1 518336 0
-0.988 -7.17243e-07 3.0375 2032 10 0 1 517815 0
-0.985 -7.17243e-07 3.0375 2034 6 0 1 518260 0
-0.982 -7.17243e-07 3.0375 2035 11 0 1 518128 0
-0.979 -7.17243e-07 3.0375 2036 2 0 1 517751 0
-0.976 -7.17243e-07 3.0375 2037 8 0 1 518153 0
-0.973 -7.17243e-07 3.0375 2039 4 0 1 517592 0
-0.97 -7.17243e-07 3.0375 2040 11 0 1 517848 0
-0.967 -7.17243e-07 3.0375 2041 7 0 1 517709 0
-0.964 -7.17243e-07 3.0375 2043 5 0 1 517440 0
-0.961 -7.17243e-07 3.0375 2044 5 0 1 517982 0
-0.958 -7.17243e-07 3.0375 2045 13 0 1 517886 0
-0.955 -7.17243e-07 3.0375 2046 8 0 1 518421 0
-0.952 -7.17243e-07 3.0375 2048 4 0 1 518252 0
-0.949 -7.17243e-07 3.0375 2049 9 0 1 518812 0
-0.946 -7.17243e-07 3.0375 2050 3 0 1 519116 0
-0.943 -7.17243e-07 3.0375 2051 6 0 1 518987 0
-0.94 -7.17243e-07 3.0375 2053 4 0 1 519438 0
-1.06 -7.17243e-07 3.05 2057 6 0 1 519185 0
-1.057 -7.17243e-07 3.05 2058 5 0 1 519316 0
-1.054 -7.17243e-07 3.05 2060 6 0 1 519393 0
-1.051 -7.17243e-07 3.05 2061 3 0 1 519314 0
-1.048 -7.17243e-07 3.05 2062 4 0 1 519663 0
-1.045 -7.17243e-07 3.05 2063 6 0 1 518663 0
-1.042 -7.17243e-07 3.05 2065 6 0 1 519130 0
-1.039 -7.17243e-07 3.05 2066 5 0 1 518566 0
-1.036 -7.17243e-07 3.05 2067 3 0 1 518191 0
-1.033 -7.17243e-07 3.05 2068 1 0 1 517786 0
-1.03 -7.17243e-07 3.05 2070 7 0 1 517187 0
-1.027 -7.17243e-07 3.05 2071 6 0 1 517802 0
-1.024 -7.17243e-07 3.05 2072 4 0 1 517438 0
-1.021 -7.17243e-07 3.05 2074 2 0 1 517638 0
-1.018 -7.17243e-07 3.05 2075 5 0 1 517939 0
-1.015 -7.17243e-07 3.05 2076 4 0 1 517912 0
-1.012 -7.17243e-07 3.05 2077 5 0 1 518432 0
-1.009 -7.17243e-07 3.05 2079 5 0 1 517663 0
-1.006 -7.17243e-07 3.05 2080 2 0 1 518511 0
-1.003 -7.17243e-07 3.05 2081 5 0 1 518410 0
-1 -7.17243e-07 3.05 2082 3 0 1 518459 0
-0.997 -7.17243e-07 3.05 2084 9 0 1 518810 0
-0.994 -7.17243e-07 3.05 2085 5 0 1 518475 0
-0.991 -7.17243e-07 3.05 2086 5 0 1 519454 0
-0.988 -7.17243e-07 3.05 2088 7 0 1 518710 0
-0.985 -7.17243e-07 3.05 2089 7 0 1 518860 0
-0.982 -7.17243e-07 3.05 2090 9 0 1 519146 0
-0.979 -7.17243e-07 3.05 2091 7 0 1 518546 0
-0.976 -7.17243e-07 3.05 2093 4 0 1 518978 0
-0.973 -7.17243e-07 3.05 2094 4 0 1 518542 0
-0.97 -7.17243e-07 3.05 2095 9 0 1 518842 0
-0.967 -7.17243e-07 3.05 2096 8 0 1 518757 0
-0.964 -7.17243e-07 3.05 2098 6 0 1 518253 0
-0.961 -7.17243e-07 3.05 2099 1 0 1 518887 0
-0.958 -7.17243e-07 3.05 2100 5 0 1 518428 0
-0.955 -7.17243e-07 3.05 2102 0 0 1 518354 0
-0.952 -7.17243e-07 3.05 2103 4 0 1 517770 0
-0.949 -7.17243e-07 3.05 2104 6 0 1 517807 0
-0.946 -7.17243e-07 3.05 2105 3 0 1 518273 0
-0.943 -7.17243e-07 3.05 2107 11 0 1 517725 0
-0.94 -7.17243e-07 3.05 2108 4 0 1 518028 0
-1.06 -7.17243e-07 3.0625 2112 5 0 1 517933 0
-1.057 -7.17243e-07 3.0625 2113 3 0 1 517886 0
-1.054 -7.17243e-07 3.0625 2115 1 0 1 518190 0
-1.051 -7.17243e-07 3.0625 2116 6 0 1 517733 0
-1.048 -7.17243e-07 3.0625 2117 2 0 1 518409 0
-1.045 -7.17243e-07 3.0625 2118 3 0 1 517538 0
-1.042 -7.17243e-07 3.0625 2120 2 0 1 517686 0
-1.039 -7.17243e-07 3.0625 2121 5 0 1 518059 0
-1.036 -7.17243e-07 3.0625 2122 7 0 1 517644 0
-1.033 -7.17243e-07 3.0625 2124 3 0 1 518334 0
-1.03 -7.17243e-07 3.0625 2125 3 0 1 518127 0
-1.027 -7.17243e-07 3.0625 2126 3 0 1 518718 0
-1.024 -7.17243e-07 3.0625 2127 3 0 1 519018 0
-1.021 -7.17243e-07 3.0625 2129 2 0 1 518617 0
-1.018 -7.17243e-07 3.0625 2130 5 0 1 519162 0
-1.015 -7.17243e-07 3.0625 2131 4 0 1 518781 0
-1.012 -7.17243e-07 3.0625 2132 4 0 1 519048 0
-1.009 -7.17243e-07 3.0625 2134 1 0 1 518213 0
-1.006 -7.17243e-07 3.0625 2135 3 0 1 517962 0
-1.003 -7.17243e-07 3.0625 2136 3 0 1 517993 0
-1 -7.17243e-07 3.0625 2138 9 0 1 517389 0
-0.997 -7.17243e-07 3.0625 2139 2 0 1 517781 0
-0.994 -7.17243e-07 3.0625 2140 1 0 1 517003 0
-0.991 -7.17243e-07 3.0625 2141 5 0 1 517119 0
-0.988 -7.17243e-07 3.0625 2143 5 0 1 516749 0
-0.985 -7.17243e-07 3.0625 2144 6 0 1 516186 0
-0.982 -7.17243e-07 3.0625 2145 3 0 1 516818 0
-0.979 -7.17243e-07 3.0625 2146 5 0 1 516284 0
-0.976 -7.17243e-07 3.0625 2148 6 0 1 516614 0
-0.973 -7.17243e-07 3.0625 2149 2 0 1 516230 0
-0.97 -7.17243e-07 3.0625 2150 4 0 1 516107 0
-0.967 -7.17243e-07 3.0625 2152 1 0 1 516273 0
-0.964 -7.17243e-07 3.0625 2153 3 0 1 515811 0
-0.961 -7.17243e-07 3.0625 2154 6 0 1 516089 0
-0.958 -7.17243e-07 3.0625 2155 8 0 1 515552 0
-0.955 -7.17243e-07 3.0625 2157 3 0 1 515869 0
-0.952 -7.17243e-07 3.0625 2158 4 0 1 515821 0
-0.949 -7.17243e-07 3.0625 2159 4 0 1 515757 0
-0.946 -7.17243e-07 3.0625 2160 8 0 1 516381 0
-0.943 -7.17243e-07 3.0625 2162 9 0 1 515620 0
-0.94 -7.17243e-07 3.0625 2163 2 0 1 515925 0
-1.06 -7.17243e-07 3.075 2167 3 0 1 516432 0
-1.057 -7.17243e-07 3.075 2169 6 0 1 516308 0
-1.054 -7.17243e-07 3.075 2170 3 0 1 516941 0
-1.051 -7.17243e-07 3.075 2171 4 0 1 516634 0
-1.048 -7.17243e-07 3.075 2172 1 0 1 517380 0
-1.045 -7.17243e-07 3.075 2174 3 0 1 517320 0
-1.042 -7.17243e-07 3.075 2175 6 0 1 517187 0
-1.039 -7.17243e-07 3.075 2176 4 0 1 517778 0
-1.036 -7.17243e-07 3.075 2177 4 0 1 517415 0
-1.033 -7.17243e-07 3.075 2179 3 0 1 517858 0
-1.03 -7.17243e-07 3.075 2180 5 0 1 517327 0
-1.027 -7.17243e-07 3.075 2181 5 0 1 517381 0
-1.024 -7.17243e-07 3.075 2182 4 0 1 517775 0
-1.021 -7.17243e-07 3.075 2184 0 0 1 517480 0
-1.018 -7.17243e-07 3.075 2185 7 0 1 518299 0
-1.015 -7.17243e-07 3.075 2186 1 0 1 517795 0
-1.012 -7.17243e-07 3.075 2188 1 0 1 518092 0
-1.009 -7.17243e-07 3.075 2189 4 0 1 517940 0
-1.006 -7.17243e-07 3.075 2190 5 0 1 517386 0
-1.003 -7.17243e-07 3.075 2191 1 0 1 517924 0
-1 -7.17243e-07 3.075 2193 6 0 1 517298 0
-0.997 -7.17243e-07 3.075 2194 7 0 1 517596 0
-0.994 -7.17243e-07 3.075 2195 3 0 1 517271 0
-0.991 -7.17243e-07 3.075 2196 2 0 1 517304 0
-0.988 -7.17243e-07 3.075 2198 2 0 1 518321 0
-0.985 -7.17243e-07 3.075 2199 6 0 1 516914 0
-0.982 -7.17243e-07 3.075 2200 4 0 1 517811 0
-0.979 -7.17243e-07 3.075 2202 5 0 1 517778 0
-0.976 -7.17243e-07 3.075 2203 6 0 1 517878 0
-0.973 -7.17243e-07 3.075 2204 8 0 1 518225 0
-0.97 -7.17243e-07 3.075 2205 7 0 1 518028 0
-0.967 -7.17243e-07 3.075 2207 1 0 1 519008 0
-0.964 -7.17243e-07 3.075 2208 2 0 1 518272 0
-0.961 -7.17243e-07 3.075 2209 1 0 1 518612 0
-0.958 -7.17243e-07 3.075 2210 6 0 1 518792 0
-0.955 -7.17243e-07 3.075 2212 4 0 1 518796 0
-0.952 -7.17243e-07 3.075 2213 5 0 1 519413 0
-0.949 -7.17243e-07 3.075 2214 8 0 1 518672 0
-0.946 -7.17243e-07 3.075 2216 6 0 1 519540 0
-0.943 -7.17243e-07 3.075 2217 5 0 1 519232 0
-0.94 -7.17243e-07 3.075 2218 4 0 1 519122 0
-1.06 -7.17243e-07 3.0875 2222 4 0 1 519051 0
-1.057 -7.17243e-07 3.0875 2224 5 0 1 518447 0
-1.054 -7.17243e-07 3.0875 2225 7 0 1 518739 0
-1.051 -7.17243e-07 3.0875 2226 2 0 1 517963 0
-1.048 -7.17243e-07 3.0875 2227 4 0 1 518588 0
-1.045 -7.17243e-07 3.0875 2229 4 0 1 518355 0
-1.042 -7.17243e-07 3.0875 2230 3 0 1 517913 0
-1.039 -7.17243e-07 3.0875 2231 5 0 1 518352 0
-1.036 -7.17243e-07 3.0875 2232 6 0 1 518003 0
-1.033 -7.17243e-07 3.0875 2234 4 0 1 518617 0
-1.03 -7.17243e-07 3.0875 2235 4 0 1 518132 0
-1.027 -7.17243e-07 3.0875 2236 4 0 1 518125 0
-1.024 -7.17243e-07 3.0875 2238 4 0 1 518732 0
-1.021 -7.17243e-07 3.0875 2239 3 0 1 518125 0
-1.018 -7.17243e-07 3.0875 2240 0 0 1 518993 0
-1.015 -7.17243e-07 3.0875 2241 5 0 1 518661 0
-1.012 -7.17243e-07 3.0875 2243 7 0 1 518790 0
-1.009 -7.17243e-07 3.0875 2244 4 0 1 518817 0
-1.006 -7.17243e-07 3.0875 2245 4 0 1 517880 0
-1.003 -7.17243e-07 3.0875 2246 2 0 1 518212 0
-1 -7.17243e-07 3.0875 2248 5 0 1 517874 0
-0.997 -7.17243e-07 3.0875 2249 3 0 1 517467 0
-0.994 -7.17243e-07 3.0875 2250 5 0 1 517053 0
-0.991 -7.17243e-07 3.0875 2252 3 0 1 517027 0
-0.988 -7.17243e-07 3.0875 2253 7 0 1 517425 0
-0.985 -7.17243e-07 3.0875 2254 5 0 1 516756 0
-0.982 -7.17243e-07 3.0875 2255 2 0 1 517251 0
-0.979 -7.17243e-07 3.0875 2257 5 0 1 517229 0
-0.976 -7.17243e-07 3.0875 2258 2 0 1 517284 0
-0.973 -7.17243e-07 3.0875 2259 4 0 1 517388 0
-0.97 -7.17243e-07 3.0875 2260 2 0 1 516862 0
-0.967 -7.17243e-07 3.0875 2262 4 0 1 517412 0
-0.964 -7.17243e-07 3.0875 2263 3 0 1 516531 0
-0.961 -7.17243e-07 3.0875 2264 4 0 1 516377 0
-0.958 -7.17243e-07 3.0875 2266 5 0 1 515980 0
-0.955 -7.17243e-07 3.0875 2267 3 0 1 515393 0
-0.952 -7.17243e-07 3.0875 2268 3 0 1 515926 0
-0.949 -7.17243e-07 3.0875 2269 4 0 1 514622 0
-0.946 -7.17243e-07 3.0875 2271 1 0 1 515112 0
-0.943 -7.17243e-07 3.0875 2272 9 0 1 514766 0
-0.94 -7.17243e-07 3.0875 2273 5 0 1 514408 0
-1.06 -7.17243e-07 3.1 2277 2 0 1 514015 0
-1.057 -7.17243e-07 3.1 2279 3 0 1 513506 0
-1.054 -7.17243e-07 3.1 2280 5 0 1 513684 0
-1.051 -7.17243e-07 3.1 2281 2 0 1 512685 0
-1.048 -7.17243e-07 3.1 2283 6 0 1 513256 0
-1.045 -7.17243e-07 3.1 2284 3 0 1 513172 0
-1.042 -7.17243e-07 3.1 2285 4 0 1 512876 0
-1.039 -7.17243e-07 3.1 2286 6 0 1 512998 0
-1.036 -7.17243e-07 3.1 2288 2 0 1 512583 0
-1.033 -7.17243e-07 3.1 2289 5 0 1 512838 0
-1.03 -7.17243e-07 3.1 2290 6 0 1 512934 0
-1.027 -7.17243e-07 3.1 2291 4 0 1 512352 0
-1.024 -7.17243e-07 3.1 2293 2 0 1 512909 0
-1.021 -7.17243e-07 3.1 2294 1 0 1 512436 0
-1.018 -7.17243e-07 3.1 2295 6 0 1 512626 0
-1.015 -7.17243e-07 3.1 2296 7 0 1 512309 0
-1.012 -7.17243e-07 3.1 2298 3 0 1 512142 0
-1.009 -7.17243e-07 3.1 2299 6 0 1 512282 0
-1.006 -7.17243e-07 3.1 2300 4 0 1 511583 0
-1.003 -7.17243e-07 3.1 2302 4 0 1 512210 0
-1 -7.17243e-07 3.1 2303 1 0 1 512039 0
-0.997 -7.17243e-07 3.1 2304 1 0 1 511926 0
-0.994 -7.17243e-07 3.1 2305 3 0 1 511824 0
-0.991 -7.17243e-07 3.1 2307 6 0 1 511555 0
-0.988 -7.17243e-07 3.1 2308 4 0 1 512383 0
-0.985 -7.17243e-07 3.1 2309 8 0 1 511739 0
-0.982 -7.17243e-07 3.1 2310 1 0 1 511975 0
-0.979 -7.17243e-07 3.1 2312 3 0 1 511909 0
-0.976 -7.17243e-07 3.1 2313 5 0 1 511831 0
-0.973 -7.17243e-07 3.1 2314 4 0 1 512230 0
-0.97 -7.17243e-07 3.1 2316 4 0 1 511680 0
-0.967 -7.17243e-07 3.1 2317 0 0 1 511924 0
-0.964 -7.17243e-07 3.1 2318 3 0 1 511606 0
-0.961 -7.17243e-07 3.1 2319 4 0 1 511618 0
-0.958 -7.17243e-07 3.1 2321 4 0 1 511773 0
-0.955 -7.17243e-07 3.1 2322 2 0 1 511494 0
-0.952 -7.17243e-07 3.1 2323 8 0 1 512219 0
-0.949 -7.17243e-07 3.1 2324 3 0 1 511526 0
-0.946 -7.17243e-07 3.1 2326 6 0 1 511664 0
-0.943 -7.17243e-07 3.1 2327 2 0 1 511905 0
-0.94 -7.17243e-07 3.1 2328 4 0 1 511618 0
